CT_332 CT_132 201 251 224 456 225 703
CT_132 CT_332 201 251 224 456 225 703
CT_332 CT_158 201 201 207 1067.5 209 666.5 221 2098.5 224 378.5 225 583 227 192
CT_158 CT_332 201 201 207 1067.5 209 666.5 221 2098.5 224 378.5 225 583
CT_332 CT_104 201 328 224 595 225 995
CT_104 CT_332 201 328 224 639.5 225 995
CT_332 CT_236 201 98 203 154 205 495 207 394 209 269 221 829 224 182 225 275 227 98
CT_236 CT_332 201 98 203 154 205 490.5 207 394 209 269 221 829 224 182 225 275
CT_332 CT_121 201 450 224 829 225 1380
CT_121 CT_332 201 450 224 829 225 1493
CT_332 CT_355 201 69 224 130 225 195
CT_355 CT_332 201 69 224 130 225 195
CT_332 CT_180 201 198 207 938 209 557 221 1759 224 361 225 552 227 198
CT_180 CT_332 201 198 207 941.5 209 559 221 1765 224 361 225 552
CT_332 CT_347
CT_347 CT_332
CT_332 CT_175 201 124 207 455.5 209 323.5 221 992.5 224 230 225 351
CT_175 CT_332 201 124 207 455.5 209 323.5 221 992.5 224 230 225 351
CT_332 CT_231
CT_231 CT_332
CT_332 CT_297
CT_297 CT_332
CT_332 CT_356
CT_356 CT_332
CT_332 CT_082
CT_082 CT_332
CT_332 CT_283
CT_283 CT_332
CT_332 CT_140
CT_140 CT_332
CT_332 CT_114
CT_114 CT_332
CT_332 CT_326 201 115 207 433 209 304.5 221 936 224 214 225 325
CT_326 CT_332 201 115 207 433 209 304.5 221 936 224 214 225 325
CT_332 CT_303
CT_303 CT_332
CT_332 CT_050 201 173.5 224 342.5 225 526
CT_050 CT_332 201 173.5 224 317.5 225 484.5
CT_332 CT_246
CT_246 CT_332
CT_332 CT_128 201 112 224 208 225 341 227 112
CT_128 CT_332 201 112 224 208 225 315
CT_332 CT_134 207 1238.5 209 739 221 2326.5
CT_134 CT_332 207 1238.5 209 739 221 2326.5
CT_332 CT_328
CT_328 CT_332 201 138.5 224 255.5 225 388.5
CT_332 CT_142 201 251 224 456 225 703
CT_142 CT_332 201 251 224 456 225 703
CT_332 CT_360 201 163.5 224 299.5 225 456.5
CT_360 CT_332 201 163.5 224 299.5 225 456.5
CT_332 CT_150 201 64.5 203 100.5 205 251 207 230 209 142 221 443 224 122.5 225 199 226 342.5 227 46.5
CT_150 CT_332 201 64.5 203 100.5 205 246.5 207 212 209 131.5 221 409.5 224 122.5 225 188.5 226 342.5
CT_332 CT_300 201 240 207 1154 209 685 221 2163.5 224 436 225 724.5
CT_300 CT_332 201 229 205 1304 207 1243 209 751 221 2338.5 224 416 225 640
CT_332 CT_167 201 119 205 651.5 207 536 209 346.5 221 1082 224 221 225 337
CT_167 CT_332 201 119 205 651.5 207 544.5 209 352 221 1099.5 224 239 225 367
CT_332 CT_125 201 379 224 738 225 1223
CT_125 CT_332 201 379 224 717 225 1204
CT_332 CT_261 201 285.5 224 516.5 225 796.5
CT_261 CT_332 201 285.5 224 516.5 225 796.5
CT_332 CT_036 201 206 224 377 225 582
CT_036 CT_332 201 206 224 377 225 582
CT_332 CT_064 201 124 224 230 225 351
CT_064 CT_332 201 124 224 230 225 351
CT_332 CT_057
CT_057 CT_332
CT_332 CT_053 201 163.5 205 826.5 207 694.5 209 445 221 1394.5 224 299.5 225 496.5
CT_053 CT_332 201 156.5 205 826.5 207 682.5 209 438.5 221 1332.5 224 288.5 225 478.5 227 156.5
CT_332 CT_075 201 263.5 224 477.5 225 740.5 227 259
CT_075 CT_332 201 263.5 224 477.5 225 735.5
CT_332 CT_194 201 240 207 1278.5 209 764 221 2400.5 224 436 225 669
CT_194 CT_332 201 240 207 1278.5 209 764 221 2400.5 224 436 225 669
CT_332 CT_321 201 91 224 178 225 273
CT_321 CT_332 201 91 224 169 225 253
CT_332 CT_163 201 177.5 207 1173.5 209 696.5 221 2200 224 325.5 225 526
CT_163 CT_332 201 177.5 224 325.5 225 539.5
CT_332 CT_146 201 285.5 224 516.5 225 796.5
CT_146 CT_332 201 285.5 224 558 225 862
CT_332 CT_161 201 156.5 224 288.5 225 440.5 227 156.5
CT_161 CT_332 201 156.5 224 310 225 478.5
CT_332 CT_179 201 180.5 207 986.5 209 589.5 221 1850 224 331.5 225 539.5 226 1029 227 180.5 303 1119.5
CT_179 CT_332 201 180.5 207 986.5 209 589.5 221 1850 224 351.5 225 553
CT_332 CT_340 201 254.5 224 464.5 225 717.5 227 254.5
CT_340 CT_332 201 254.5 224 464.5 225 717.5
CT_332 CT_257 201 268.5 224 487.5 225 842.5 227 251
CT_257 CT_332 201 268.5 224 492 225 866
CT_332 CT_289 201 163.5 205 982.5 207 869.5 209 516.5 221 1630.5 224 299.5 225 456.5 226 840.5 227 163.5
CT_289 CT_332 201 163.5 205 982.5 207 869.5 209 516.5 221 1630.5 224 299.5 225 496.5 226 840.5
CT_332 CT_218 201 173.5 205 1258 207 1079.5 209 660.5 221 1712 224 317.5 225 510 227 156.5
CT_218 CT_332 201 173.5 205 1258 207 1079.5 209 660.5 221 1678.5 224 317.5 225 510
CT_332 CT_066 201 224 224 407 225 625
CT_066 CT_332 201 224 224 407 225 625
CT_132 CT_131 201 251 203 364 207 1126 209 767.5 221 2383 224 456 225 703
CT_131 CT_132 201 251 207 1126 209 767.5 221 2383 224 456 225 703 227 229
CT_132 CT_158 201 138.5 207 575.5 209 424.5 221 1299.5 224 255.5 225 388.5
CT_158 CT_132 201 138.5 207 575.5 209 424.5 221 1299.5 224 255.5 225 388.5
CT_132 CT_104 201 152.5 224 279.5 225 432
CT_104 CT_132 201 152.5 224 279.5 225 427.5
CT_132 CT_236 205 1662 207 1290 209 893
CT_236 CT_132 205 1662 207 1290 209 893
CT_132 CT_121
CT_121 CT_132
CT_132 CT_058 201 302.5 224 549.5 225 851.5
CT_058 CT_132 201 302.5 224 549.5 225 851.5
CT_132 CT_180 201 236 207 708.5 209 546.5 224 428 225 656
CT_180 CT_132 201 236 207 708.5 209 546.5 224 428 225 656
CT_132 CT_305 201 138.5 224 268.5 225 408
CT_305 CT_132 201 138.5 224 255.5 225 408
CT_132 CT_231 201 168.5 224 307.5 225 496.5
CT_231 CT_132 201 168.5 224 307.5 225 470.5
CT_132 CT_348 207 549 209 458.5
CT_348 CT_132 207 549 209 458.5
CT_132 CT_234
CT_234 CT_132
CT_132 CT_295
CT_295 CT_132
CT_132 CT_356
CT_356 CT_132
CT_132 CT_283 201 180.5 224 331.5 225 509.5
CT_283 CT_132
CT_132 CT_304
CT_304 CT_132
CT_132 CT_140
CT_140 CT_132
CT_132 CT_326
CT_326 CT_132
CT_132 CT_114
CT_114 CT_132
CT_132 CT_303 201 288 224 517 225 937.5
CT_303 CT_132 201 288 224 517 225 937.5
CT_132 CT_223
CT_223 CT_132
CT_132 CT_246
CT_246 CT_132
CT_132 CT_205 201 72 224 149 225 223
CT_205 CT_132 201 72 224 136 225 223
CT_132 CT_033 201 192 224 351 225 583
CT_033 CT_132 201 192 224 378.5 225 583
CT_132 CT_111
CT_111 CT_132
CT_132 CT_134 207 685 209 551
CT_134 CT_132 207 685 209 551
CT_132 CT_142 201 152.5 224 279.5 225 427.5
CT_142 CT_132 201 152.5 224 279.5 225 427.5
CT_132 CT_360
CT_360 CT_132
CT_132 CT_176 201 180.5 224 331.5 225 509.5
CT_176 CT_132 201 180.5 224 331.5 225 526
CT_132 CT_150 201 224 203 320 207 955.5 209 660.5 221 2046 224 407 225 625
CT_150 CT_132 201 224 207 955.5 209 660.5 221 2046 224 440 225 677
CT_132 CT_317 201 227 207 563.5 209 470.5 224 423 225 647 304 750 307 1290
CT_317 CT_132 201 227 207 563.5 209 470.5 224 423 225 703 304 750 307 1290
CT_132 CT_167
CT_167 CT_132
CT_132 CT_300 201 224 207 646 209 525.5 224 407 225 625
CT_300 CT_132 201 224 207 646 209 525.5 224 407 225 625
CT_132 CT_125
CT_125 CT_132
CT_132 CT_261 201 163.5 224 299.5 225 456.5
CT_261 CT_132 201 163.5 224 299.5 225 456.5
CT_132 CT_036 201 115 224 214 225 325
CT_036 CT_132 201 115 224 214 225 325
CT_132 CT_194 201 243 207 734.5 209 584 224 444 225 684
CT_194 CT_132 201 243 207 734.5 209 584 224 444 225 684
CT_132 CT_336 201 98 224 182 225 275
CT_336 CT_132 201 98 224 182 225 275
CT_132 CT_127 201 177.5 207 423.5 209 353 224 325.5 225 497.5 304 560 307 960
CT_127 CT_132 201 177.5 207 423.5 209 353 224 325.5 225 497.5 304 560 307 960
CT_132 CT_161 201 230 207 649.5 209 508.5 224 429 225 661
CT_161 CT_132 201 230 207 649.5 209 508.5 224 429 225 661
CT_132 CT_288 201 229 205 1443.5 207 1144.5 209 771.5 224 416 225 640
CT_288 CT_132 201 229 205 1443.5 207 1144.5 209 771.5 224 416 225 640
CT_132 CT_315 201 209 207 495 209 413.5 224 393 225 604 304 660 307 1130
CT_315 CT_132 201 209 207 495 209 413.5 224 393 225 604 304 660 307 1130
CT_132 CT_100
CT_100 CT_132
CT_132 CT_053 201 323 224 585 225 901
CT_053 CT_132 201 323 224 585 225 977
CT_132 CT_218 201 138.5 203 177 205 446 207 309.5 209 258.5 221 774.5 224 255.5 225 388.5 304 390 307 680
CT_218 CT_132 201 138.5 205 446 207 309.5 209 258.5 221 774.5 224 255.5 225 422 304 390 307 680
CT_132 CT_321 201 206 224 377 225 582
CT_321 CT_132 201 206 224 377 225 582
CT_132 CT_163 201 173.5 207 453 209 365.5 224 317.5 225 484.5
CT_163 CT_132 201 173.5 207 453 209 365.5 224 317.5 225 484.5
CT_132 CT_066 201 141.5 224 261.5 225 398.5
CT_066 CT_132 201 141.5 224 261.5 225 398.5
CT_132 CT_146 201 72 224 136 225 204
CT_146 CT_132 201 72 224 136 225 204
CT_132 CT_179 201 224 207 621.5 209 492.5 224 407 225 625
CT_179 CT_132 201 224 207 621.5 209 492.5 224 407 225 625
CT_132 CT_340 201 240 207 1147.5 209 794.5 221 2431.5 224 436 225 772
CT_340 CT_132 201 240 207 1147.5 209 794.5 221 2431.5 224 436 225 772
CT_132 CT_257 201 224 207 1048 209 720 221 2232 224 407 225 711
CT_257 CT_132 201 224 207 1048 209 720 221 2232 224 407 225 711
CT_132 CT_289 201 240 207 610 209 509.5 224 439 225 677 304 850 307 1450
CT_289 CT_132 201 240 207 610 209 509.5 224 439 225 677 304 850 307 1450
CT_132 CT_268 201 189.5 203 266.5 205 907.5 207 683 209 490.5 221 1508.5 224 343.5 225 527.5
CT_268 CT_132 201 189.5 205 907.5 207 683 209 490.5 221 1508.5 224 343.5 225 571
CT_131 CT_104 201 317 207 1877.5 209 1147.5 221 3623 224 575 225 887
CT_104 CT_131 201 317 207 1877.5 209 1147.5 221 3623 224 575 225 887
CT_131 CT_040 201 206 224 377 225 582
CT_040 CT_131 201 206 224 377 225 582
CT_131 CT_355 201 53.5 224 115 225 173
CT_355 CT_131 201 53.5 224 107.5 225 158.5
CT_131 CT_041 201 177.5 207 540.5 209 406.5 224 343.5 225 527.5 226 1069.5
CT_041 CT_131 201 177.5 207 540.5 209 406.5 224 343.5 225 527.5 226 1069.5
CT_131 CT_180 207 1003 209 595.5 221 1881
CT_180 CT_131 207 1003 209 595.5 221 1881
CT_131 CT_347 201 135.5 224 247.5 225 377.5
CT_347 CT_131 201 135.5 224 247.5 225 377.5
CT_131 CT_231 201 273.5 224 496.5 225 767.5 226 1364.5
CT_231 CT_131 201 273.5 224 496.5 225 767.5 226 1364.5
CT_131 CT_234 201 119 224 221 225 337
CT_234 CT_131 201 119 224 221 225 337
CT_131 CT_297 201 69 224 130 225 194
CT_297 CT_131 201 72 224 149 225 204
CT_131 CT_356 201 112 224 208 225 315
CT_356 CT_131 201 112 224 208 225 315
CT_131 CT_283 201 138.5 224 255.5 225 388.5
CT_283 CT_131 201 138.5 224 255.5 225 388.5
CT_131 CT_229 201 148.5 224 272.5 225 415.5 226 478
CT_229 CT_131 201 148.5 224 272.5 225 415.5 226 591.5
CT_131 CT_033 201 243 224 444 225 684
CT_033 CT_131 201 243 224 444 225 712
CT_131 CT_128 201 115 203 183 224 214 225 353.5 226 595
CT_128 CT_131 201 115 224 214 225 325 226 595
CT_131 CT_309 201 138.5 224 255.5 225 388.5
CT_309 CT_131 201 138.5 224 255.5 225 388.5
CT_131 CT_167 201 141.5 205 754 207 625.5 209 400 221 1252 224 261.5 225 432
CT_167 CT_131 201 141.5 205 754 207 625.5 209 400 221 1252 224 261.5 225 432
CT_131 CT_036 201 213 203 340 207 1056.5 209 690 221 2153.5 224 388 225 598 226 972.5
CT_036 CT_131 201 213 203 340 207 1056.5 209 690 221 2153.5 224 388 225 598 226 972.5
CT_131 CT_064 201 124 224 230 225 351
CT_064 CT_131 201 124 224 230 225 353.5 227 112
CT_131 CT_243 207 1053.5 209 625.5 221 1975.5
CT_243 CT_131 207 1053.5 209 625.5 221 1975.5
CT_131 CT_075 201 264 207 1242 209 864 221 2672.5 224 486 225 746 227 254.5
CT_075 CT_131 201 264 203 408.5 207 1242 209 864 221 2672.5 224 486 225 746
CT_131 CT_194 201 251 207 1344.5 209 803.5 221 2524.5 224 456 225 703
CT_194 CT_131 201 251 207 1344.5 209 803.5 221 2524.5 224 456 225 703
CT_131 CT_321 201 91 224 169 225 275.5 226 389
CT_321 CT_131 201 91 224 169 225 253 226 389
CT_131 CT_066 201 236 224 428 225 656
CT_066 CT_131 201 236 224 428 225 656
CT_131 CT_252 201 180.5 207 924 209 548.5 221 1732.5 224 331.5 225 509.5
CT_252 CT_131 201 180.5 207 924 209 548.5 221 1732.5 224 331.5 225 509.5
CT_131 CT_340 201 254.5 207 1488 209 944.5 221 2939 224 464.5 225 717.5
CT_340 CT_131 201 254.5 207 1488 209 944.5 221 2939 224 464.5 225 717.5
CT_131 CT_257 201 251 205 1642 207 1380 209 862 221 2724 224 456 225 784 226 1445
CT_257 CT_131 201 251 205 1642 207 1380 209 862 221 2724 224 456 225 784 226 1445
CT_131 CT_289 201 177.5 207 933 209 553 221 1748 224 325.5 225 730 226 919.5 304 630
CT_289 CT_131 201 177.5 207 933 209 553 221 1748 224 325.5 225 730 226 919.5 304 630
CT_131 CT_158 201 189.5 205 1235 207 1038 209 649 221 2050 224 343.5 225 571 226 1210
CT_158 CT_131 201 189.5 205 1235 207 1038 209 649 221 2050 224 343.5 225 527.5 226 972.5
CT_131 CT_236 203 183 207 474 209 314 221 984 225 325
CT_236 CT_131 203 183 207 474 209 314 221 984 225 325
CT_131 CT_121 201 435 224 802 225 1330 226 2325
CT_121 CT_131 201 435 224 802 225 1330 226 2325
CT_131 CT_181 201 177.5 224 325.5 225 497.5 226 1015
CT_181 CT_131 201 177.5 224 325.5 225 510 226 814.5
CT_131 CT_083
CT_083 CT_131
CT_131 CT_373 201 198 207 1006.5 209 668.5 221 2085.5 224 361 225 552 227 198
CT_373 CT_131 201 198 203 314 207 1006.5 209 668.5 221 2085.5 224 389 225 552
CT_131 CT_305 201 251 207 1305 209 852 221 2667.5 224 456 225 762
CT_305 CT_131 201 251 207 1305 209 852 221 2667.5 224 456 225 703
CT_131 CT_365 201 213 224 388 225 647.5
CT_365 CT_131 201 213 224 388 225 598
CT_131 CT_175 201 141.5 207 550 209 379.5 221 1169 224 261.5 225 398.5
CT_175 CT_131 201 141.5 207 550 209 379.5 221 1169 224 261.5 225 398.5
CT_131 CT_123 201 148.5 224 272.5 225 415.5
CT_123 CT_131 201 141.5 224 261.5 225 398.5
CT_131 CT_348 207 828.5 209 493.5 221 1553.5
CT_064 CT_131 201 124 224 230 225 353.5 227 112
CT_131 CT_243 207 1053.5 209 625.5 221 1975.5
CT_243 CT_131 207 1053.5 209 625.5 221 1975.5
CT_131 CT_075 201 264 207 1242 209 864 221 2672.5 224 486 225 746 227 254.5
CT_075 CT_131 201 264 203 408.5 207 1242 209 864 221 2672.5 224 486 225 746
CT_131 CT_194 201 251 207 1344.5 209 803.5 221 2524.5 224 456 225 703
CT_194 CT_131 201 251 207 1344.5 209 803.5 221 2524.5 224 456 225 703
CT_131 CT_321 201 91 224 169 225 275.5 226 389
CT_321 CT_131 201 91 224 169 225 253 226 389
CT_131 CT_066 201 236 224 428 225 656
CT_066 CT_131 201 236 224 428 225 656
CT_131 CT_252 201 180.5 207 924 209 548.5 221 1732.5 224 331.5 225 509.5
CT_252 CT_131 201 180.5 207 924 209 548.5 221 1732.5 224 331.5 225 509.5
CT_131 CT_340 201 254.5 207 1488 209 944.5 221 2939 224 464.5 225 717.5
CT_340 CT_131 201 254.5 207 1488 209 944.5 221 2939 224 464.5 225 717.5
CT_131 CT_257 201 251 205 1642 207 1380 209 862 221 2724 224 456 225 784 226 1445
CT_257 CT_131 201 251 205 1642 207 1380 209 862 221 2724 224 456 225 784 226 1445
CT_131 CT_289 201 177.5 207 933 209 553 221 1748 224 325.5 225 730 226 919.5 304 630
CT_289 CT_131 201 177.5 207 933 209 553 221 1748 224 325.5 225 730 226 919.5 304 630
CT_131 CT_158 201 189.5 205 1235 207 1038 209 649 221 2050 224 343.5 225 571 226 1210
CT_158 CT_131 201 189.5 205 1235 207 1038 209 649 221 2050 224 343.5 225 527.5 226 972.5
CT_131 CT_236 203 183 207 474 209 314 221 984 225 325
CT_236 CT_131 203 183 207 474 209 314 221 984 225 325
CT_131 CT_121 201 435 224 802 225 1330 226 2325
CT_121 CT_131 201 435 224 802 225 1330 226 2325
CT_131 CT_181 201 177.5 224 325.5 225 497.5 226 1015
CT_181 CT_131 201 177.5 224 325.5 225 510 226 814.5
CT_131 CT_083
CT_083 CT_131
CT_131 CT_373 201 198 207 1006.5 209 668.5 221 2085.5 224 361 225 552 227 198
CT_373 CT_131 201 198 203 314 207 1006.5 209 668.5 221 2085.5 224 389 225 552
CT_131 CT_305 201 251 207 1305 209 852 221 2667.5 224 456 225 762
CT_305 CT_131 201 251 207 1305 209 852 221 2667.5 224 456 225 703
CT_131 CT_365 201 213 224 388 225 647.5
CT_365 CT_131 201 213 224 388 225 598
CT_131 CT_175 201 141.5 207 550 209 379.5 221 1169 224 261.5 225 398.5
CT_175 CT_131 201 141.5 207 550 209 379.5 221 1169 224 261.5 225 398.5
CT_131 CT_123 201 148.5 224 272.5 225 415.5
CT_123 CT_131 201 141.5 224 261.5 225 398.5
CT_131 CT_348 207 828.5 209 493.5 221 1553.5
CT_348 CT_131 207 828.5 209 493.5 221 1553.5
CT_131 CT_295
CT_295 CT_131
CT_131 CT_352
CT_352 CT_131
CT_131 CT_049 201 201 224 367 225 566
CT_049 CT_131 201 201 224 367 225 566
CT_131 CT_082
CT_082 CT_131
CT_131 CT_329 201 206 224 377 225 582
CT_329 CT_131 201 206 224 377 225 582
CT_131 CT_174 201 81 224 154 225 231
CT_174 CT_131 201 81 224 154 225 231
CT_131 CT_369 201 229 224 416 225 640
CT_369 CT_131 201 229 224 416 225 640
CT_131 CT_287 201 98 203 154 207 409 209 259 221 814 224 182 225 275
CT_287 CT_131 201 98 203 154 207 409 209 259 221 814 224 182 225 298
CT_131 CT_282 201 141.5 205 773.5 207 621.5 209 413.5 221 1138.5 224 261.5 225 398.5
CT_282 CT_131 201 141.5 205 773.5 207 621.5 209 413.5 221 1138.5 224 261.5 225 398.5 227 130.5
CT_131 CT_186
CT_186 CT_131
CT_131 CT_225 201 198 224 361 225 552
CT_225 CT_131 201 198 224 361 225 552
CT_131 CT_140
CT_140 CT_131
CT_131 CT_326 201 128.5 207 527.5 209 360.5 221 1112.5 224 237.5 225 363.5
CT_326 CT_131 201 128.5 207 527.5 209 360.5 221 1112.5 224 237.5 225 363.5
CT_131 CT_114
CT_114 CT_131
CT_131 CT_303
CT_303 CT_131
CT_131 CT_223 201 152.5 224 279.5 225 427.5 226 765.5
CT_223 CT_131 201 152.5 224 279.5 225 427.5 226 765.5
CT_131 CT_291 201 236 224 434 225 666
CT_291 CT_131 201 236 224 434 225 666
CT_131 CT_050 207 485.5 209 360.5 224 317.5 225 484.5 226 982.5
CT_050 CT_131 203 266.5 207 494.5 209 368.5 224 317.5 225 484.5 226 982.5
CT_131 CT_085
CT_085 CT_131
CT_131 CT_205
CT_205 CT_131
CT_131 CT_091 201 285.5 224 516.5 225 796.5
CT_091 CT_131 201 285.5 224 516.5 225 862
CT_131 CT_042 201 206 224 377 225 582
CT_042 CT_131 201 201 224 367 225 566
CT_131 CT_219 201 206 224 377 225 582
CT_219 CT_131 201 206 224 377 225 582
CT_131 CT_111
CT_111 CT_131
CT_131 CT_134 207 1304.5 209 778.5 221 2450.5
CT_134 CT_131 207 1304.5 209 778.5 221 2450.5
CT_131 CT_240 201 224 224 407 225 625
CT_240 CT_131 201 224 224 407 225 625
CT_131 CT_328 201 124 207 420 209 307 221 941.5 224 230 225 351
CT_328 CT_131 201 124 207 420 209 307 221 941.5 224 230 225 351
CT_131 CT_142 201 236 207 1249.5 209 806 221 2530 224 428 225 656
CT_142 CT_131 201 236 207 1249.5 209 806 221 2530 224 428 225 656
CT_131 CT_153 201 105 203 165 205 701 207 589 209 368 221 1163 224 196 225 297
CT_153 CT_131 201 105 203 165 205 701 207 589 209 368 221 1163 224 196 225 297
CT_131 CT_360 201 163.5 224 299.5 225 456.5 226 789.5
CT_360 CT_131 201 163.5 224 299.5 225 456.5 226 789.5
CT_131 CT_176 201 93 205 368 207 288 209 197 221 612 224 174 225 284.5 226 408
CT_176 CT_131 201 93 205 368 207 288 209 197 221 612 224 174 225 263 226 408
CT_131 CT_317 201 163.5 207 863.5 209 513.5 221 1618.5 224 299.5 225 456.5 226 840.5
CT_317 CT_131 201 163.5 207 863.5 209 513.5 221 1618.5 224 299.5 225 456.5 226 840.5
CT_131 CT_300 201 251 207 1318.5 209 795.5 221 2480 224 456 225 703
CT_300 CT_131 201 251 207 1318.5 209 795.5 221 2480 224 456 225 703
CT_131 CT_125 201 364.5 224 690.5 225 1251.5 226 2060.5
CT_125 CT_131 201 364.5 224 690.5 225 1154.5 226 2060.5
CT_131 CT_261 201 285.5 207 1379.5 209 914 221 2853.5 224 526 225 813.5 226 1474.5
CT_261 CT_131 201 285.5 207 1379.5 209 914 221 2853.5 224 516.5 225 796.5 226 1474.5
CT_131 CT_336
CT_336 CT_131
CT_131 CT_127 201 141.5 207 734.5 209 436 221 1377.5 224 261.5 225 422 226 731.5
CT_127 CT_131 201 141.5 207 734.5 209 436 221 1377.5 224 261.5 225 398.5 226 731.5
CT_131 CT_133 201 240 207 1145 209 680 221 2147 224 436 225 724.5
CT_133 CT_131 201 240 207 1145 209 680 221 2147 224 436 225 724.5
CT_131 CT_057
CT_057 CT_131 201 152.5 224 279.5 225 427.5
CT_131 CT_161 201 168.5 224 307.5 225 470.5 226 840.5
CT_161 CT_131 201 168.5 224 307.5 225 470.5 226 840.5
CT_131 CT_130 201 166.5 207 890.5 209 531 221 1670 224 305.5 225 464.5
CT_130 CT_131 201 166.5 207 890.5 209 531 221 1670 224 305.5 225 464.5
CT_131 CT_288 201 72 203 113 207 329.5 209 194.5 221 619.5 224 136 225 204
CT_288 CT_131 201 72 203 113 207 329.5 209 194.5 221 619.5 224 136 225 204
CT_131 CT_315 201 148.5 207 748.5 209 443.5 221 1403.5 224 272.5 225 580 226 956.5 303 931.5 304 500
CT_315 CT_131 201 148.5 207 748.5 209 443.5 221 1403.5 224 272.5 225 580 226 765.5 303 931.5 304 500
CT_131 CT_053 201 148.5 205 823 207 669 209 438.5 221 1363.5 224 272.5 225 415.5 226 733.5
CT_053 CT_131 201 148.5 205 823 207 669 209 438.5 221 1363.5 224 272.5 225 415.5 226 733.5
CT_131 CT_100 201 360 224 763 225 1186
CT_100 CT_131 201 360 224 763 225 1186
CT_131 CT_218 201 152.5 205 990.5 207 832.5 209 520.5 221 1642.5 224 279.5 225 463.5 226 789.5
CT_218 CT_131 201 152.5 203 241.5 205 990.5 207 832.5 209 520.5 221 1642.5 224 279.5 225 427.5 226 789.5
CT_131 CT_163 201 224 203 281.5 205 1172.5 207 1239.5 209 736 221 2324 224 407 225 625 226 919.5
CT_163 CT_131 201 224 205 1172.5 207 1239.5 209 736 221 2324 224 407 225 625 226 919.5
CT_131 CT_179 201 192 207 1048.5 209 626 221 1966 224 351 225 537 226 892 303 1208
CT_179 CT_131 201 192 207 1048.5 209 626 221 1966 224 351 225 537 226 892 303 1208
CT_131 CT_146 201 273.5 207 1568.5 209 963.5 221 3043.5 224 496.5 225 767.5
CT_146 CT_131 201 273.5 207 1568.5 209 963.5 221 3043.5 224 526 225 813.5
CT_131 CT_268 201 101 205 589 207 504 209 315 221 995 224 200 225 311 226 478
CT_268 CT_131 201 101 203 146 205 589 207 522.5 209 326.5 221 1031.5 224 200 225 311 226 478
CT_158 CT_104 201 189.5 207 839 209 498.5 221 1573.5 224 343.5 225 571
CT_104 CT_158 201 189.5 207 839 209 498.5 221 1573.5 224 343.5 225 571
CT_158 CT_236 201 217 207 1218.5 209 785 221 2459.5 224 427 225 662.5
CT_236 CT_158 201 217 207 1218.5 209 785 221 2459.5 224 397 225 611
CT_158 CT_121 201 295 224 551 225 971.5 226 1886.5
CT_121 CT_158 201 295 224 551 225 897 226 1886.5
CT_158 CT_058 201 251 224 456 225 762
CT_058 CT_158 201 251 224 492 225 762 227 251
CT_158 CT_180 205 885.5 207 783.5 209 465 221 1469
CT_180 CT_158 205 885.5 207 783.5 209 465 221 1469
CT_158 CT_231 201 128.5 224 237.5 225 394.5 226 595
CT_231 CT_158 201 128.5 224 237.5 225 380.5 226 595
CT_158 CT_348 207 906.5 209 542 221 1700
CT_348 CT_158 207 906.5 209 542 221 1700
CT_158 CT_295
CT_295 CT_158
CT_158 CT_283
CT_283 CT_158
CT_158 CT_229 201 254.5 224 464.5 225 778.5
CT_229 CT_158 201 254.5 224 464.5 225 778.5
CT_158 CT_140 205 725 207 594 209 385 221 1200
CT_140 CT_158 205 725 207 594 209 385 221 1200
CT_158 CT_114
CT_114 CT_158
CT_158 CT_303
CT_303 CT_158
CT_158 CT_223
CT_223 CT_158
CT_158 CT_205 201 125 224 233 225 352
CT_205 CT_158 201 125 224 233 225 352
CT_158 CT_111
CT_111 CT_158
CT_158 CT_134 205 877 207 775 209 464 221 1457.5
CT_134 CT_158 205 877 207 775 209 464 221 1457.5
CT_158 CT_240
CT_240 CT_158
CT_158 CT_328
CT_328 CT_158 201 168.5 224 333 225 510
CT_158 CT_176 201 206 224 377 225 582
CT_176 CT_158 201 206 224 377 225 582
CT_158 CT_360 201 229 224 416 225 640
CT_360 CT_158 201 229 224 416 225 640
CT_158 CT_317 207 871.5 209 521 221 1634
CT_317 CT_158 207 871.5 209 521 221 1634
CT_158 CT_150 201 163.5 205 1047 207 880 209 550 221 1737 224 324 225 496.5 226 1048.5
CT_150 CT_158 201 163.5 205 1047 207 880 209 550 221 1737 224 324 225 496.5 226 1048.5 227 163.5
CT_158 CT_167 201 268.5 224 487.5 225 751.5
CT_167 CT_158 201 268.5 224 526 225 813.5
CT_158 CT_300 205 769.5 207 681 209 404.5 221 1277
CT_300 CT_158 205 769.5 207 681 209 404.5 221 1277
CT_158 CT_125 201 224.5 224 439.5 225 783 226 1561
CT_125 CT_158 201 224.5 224 439.5 225 721.5 226 1561
CT_158 CT_261 201 148.5 205 529.5 207 380 209 289.5 221 880.5 224 272.5 225 451 226 765.5
CT_261 CT_158 201 148.5 205 529.5 207 380 209 289.5 221 880.5 224 294 225 451 226 765.5
CT_158 CT_036 201 236 207 1171.5 209 762 221 2381 224 428 225 656
CT_036 CT_158 201 236 207 1171.5 209 762 221 2381 224 460.5 225 712
CT_158 CT_075 201 215 207 691.5 209 521 221 1589 224 401 225 615
CT_075 CT_158 201 215 207 691.5 209 521 221 1589 224 401 225 615
CT_158 CT_194 205 923 207 815 209 489 221 1531.5
CT_194 CT_158 205 923 207 815 209 489 221 1531.5
CT_158 CT_161
CT_161 CT_158
CT_158 CT_288 201 189.5 207 1073 209 663.5 221 2095.5 224 372.5 225 571
CT_288 CT_158 201 189.5 207 1073 209 663.5 221 2095.5 224 372.5 225 571
CT_158 CT_315 205 956 207 987 209 589.5 221 1851
CT_315 CT_158 205 956 207 987 209 589.5 221 1851
CT_158 CT_100
CT_100 CT_158 201 397.5 224 832.5 225 1293.5
CT_158 CT_053 201 273.5 224 496.5 225 767.5
CT_053 CT_158 201 273.5 224 496.5 225 831.5
CT_158 CT_321 201 243 224 444 225 740.5
CT_321 CT_158 201 243 224 444 225 684
CT_158 CT_066 201 251 224 492 225 762
CT_066 CT_158 201 251 224 456 225 703
CT_158 CT_146 201 124 205 599 207 530 209 314.5 221 994 224 230 225 380.5
CT_146 CT_158 201 124 205 599 207 530 209 314.5 221 994 224 230 225 380.5
CT_158 CT_179 201 128.5 205 770.5 207 681.5 209 405 221 1278 224 237.5 225 363.5
CT_179 CT_158 201 128.5 205 770.5 207 681.5 209 405 221 1278 224 237.5 225 363.5
CT_158 CT_340 201 163 205 730 207 612 209 397 221 1210 224 330 225 533.5
CT_340 CT_158 201 163 205 730 207 612 209 397 221 1210 224 330 225 495
CT_158 CT_257 201 114 205 600 207 504 209 314 221 995 224 215 225 347.5 226 578 227 98
CT_257 CT_158 201 114 205 600 207 504 209 314 221 995 224 232 225 347.5 226 578
CT_158 CT_289 201 148.5 205 902.5 207 798.5 209 478 221 1497.5 224 272.5 225 415.5
CT_289 CT_158 201 148.5 205 902.5 207 798.5 209 478 221 1497.5 224 272.5 225 415.5
CT_104 CT_236
CT_236 CT_104
CT_104 CT_121
CT_121 CT_104
CT_104 CT_058 201 376.5 224 680.5 225 1055.5
CT_058 CT_104 201 376.5 224 680.5 225 1141.5
CT_104 CT_180 201 273.5 224 496.5 225 767.5
CT_180 CT_104 201 273.5 224 496.5 225 767.5
CT_104 CT_305 201 138.5 207 498.5 209 328 224 255.5 225 388.5
CT_305 CT_104 201 138.5 207 498.5 209 328 224 255.5 225 388.5
CT_104 CT_365
CT_365 CT_104
CT_104 CT_348 207 1551.5 209 924.5 221 2909
CT_348 CT_104 207 1551.5 209 924.5 221 2909
CT_104 CT_283 201 285.5 224 516.5 225 796.5
CT_283 CT_104 201 290.5 224 525.5 225 810.5
CT_104 CT_356
CT_356 CT_104
CT_104 CT_369 201 177.5 224 325.5 225 539.5
CT_369 CT_104 201 177.5 224 325.5 225 539.5
CT_104 CT_229 201 293.5 224 533.5 225 822.5
CT_229 CT_104 201 293.5 224 533.5 225 890.5
CT_104 CT_186 201 105 224 196 225 323
CT_186 CT_104 201 105 224 196 225 297
CT_104 CT_140 207 716.5 209 504.5
CT_140 CT_104 207 716.5 209 504.5
CT_104 CT_114 201 89 224 152 225 226 303 669
CT_114 CT_104 201 89 224 152 225 226 303 669
CT_104 CT_326 201 348 224 628 225 1049.5
CT_326 CT_104 201 348 224 628 225 969
CT_104 CT_303
CT_303 CT_104
CT_104 CT_223
CT_223 CT_104
CT_104 CT_291 201 156.5 224 288.5 225 478.5
CT_291 CT_104
CT_104 CT_111 201 64 224 105.5 225 155.5 303 460.5
CT_111 CT_104 201 64 224 105.5 225 155.5 303 460.5
CT_104 CT_134
CT_134 CT_104 207 1451.5 209 865.5 221 2725.5
CT_104 CT_328
CT_328 CT_104
CT_104 CT_153 201 240 224 436 225 669
CT_153 CT_104 201 240 224 436 225 669
CT_104 CT_142 201 152.5 207 553.5 209 373.5 224 279.5 225 427.5
CT_142 CT_104 201 152.5 207 556.5 209 376 224 279.5 225 427.5
CT_104 CT_360
CT_360 CT_104
CT_104 CT_176
CT_176 CT_104
CT_104 CT_150 201 293.5 207 1719 209 1048.5 221 3310.5 224 574.5 225 890.5
CT_150 CT_104 201 293.5 207 1719 209 1048.5 221 3310.5 224 533.5 225 890.5
CT_104 CT_317 207 1525 209 909 221 2859
CT_317 CT_104 207 1525 209 909 221 2859
CT_104 CT_167
CT_167 CT_104
CT_104 CT_300 207 1357.5 209 806 221 2545
CT_300 CT_104 207 1357.5 209 806 221 2545
CT_104 CT_125
CT_125 CT_104
CT_104 CT_036 201 224 224 407 225 677
CT_036 CT_104 201 224 224 407 225 677
CT_104 CT_261 201 112 207 420 209 262.5 224 208 225 315
CT_261 CT_104 201 112 207 420 209 262.5 224 208 225 315
CT_104 CT_075 201 141.5 224 261.5 225 398.5
CT_075 CT_104 201 141.5 224 261.5 225 398.5
CT_104 CT_194 201 263.5 207 1491.5 209 890.5 221 2799.5 224 477.5 225 735.5
CT_194 CT_104 201 263.5 207 1491.5 209 890.5 221 2799.5 224 477.5 225 735.5
CT_104 CT_336 201 75 224 142 225 214
CT_336 CT_104 201 75 224 142 225 214
CT_104 CT_127 201 254.5 207 1416.5 209 841 221 2656 224 464.5 225 778.5
CT_127 CT_104 201 254.5 207 1416.5 209 841 221 2656 224 464.5 225 717.5
CT_104 CT_161 201 290.5 224 525.5 225 810.5
CT_161 CT_104 201 290.5 224 525.5 225 810.5
CT_104 CT_288 201 302.5 207 1865.5 209 1134.5 221 3581.5 224 549.5 225 851.5
CT_288 CT_104 201 302.5 207 1865.5 209 1134.5 221 3581.5 224 549.5 225 922
CT_104 CT_315 201 278.5 207 1611.5 209 960.5 221 3022 224 506.5 225 780.5
CT_315 CT_104 201 278.5 207 1611.5 209 960.5 221 3022 224 506.5 225 780.5
CT_104 CT_100
CT_100 CT_104
CT_104 CT_053 201 402.5 224 727.5 225 1127.5
CT_053 CT_104 201 402.5 224 784.5 225 1127.5
CT_104 CT_218 201 217 207 1105 209 664.5 221 2098.5 224 397 225 611
CT_218 CT_104 201 217 207 1105 209 664.5 221 2098.5 224 397 225 611
CT_104 CT_163 201 217 207 1050 209 623.5 221 1968.5 224 397 225 662.5
CT_163 CT_104 201 217 207 1050 209 623.5 221 1968.5 224 397 225 662.5
CT_104 CT_066 201 240 224 436 225 669
CT_066 CT_104 201 240 224 436 225 724.5
CT_104 CT_321 201 302.5 224 549.5 225 851.5
CT_321 CT_104 201 302.5 224 549.5 225 851.5
CT_104 CT_146 201 86 207 358 209 212.5 221 671.5 224 161.5 225 264
CT_146 CT_104 201 86 207 358 209 212.5 221 671.5 224 175.5 225 264
CT_104 CT_179 201 285.5 207 1358 209 806 221 2545.5 224 516.5 225 796.5
CT_179 CT_104 201 285.5 207 1358 209 806 221 2545.5 224 516.5 225 862
CT_104 CT_340 201 201 224 367 225 566
CT_340 CT_104 201 201 224 367 225 566
CT_104 CT_257 201 192 207 626.5 209 434.5 224 351 225 537
CT_257 CT_104 201 192 207 626.5 209 434.5 224 351 225 537
CT_104 CT_289 201 293.5 207 1475 209 879 221 2765 224 533.5 225 822.5
CT_289 CT_104 201 293.5 207 1475 209 879 221 2765 224 533.5 225 822.5
CT_104 CT_268 201 268.5 207 1469.5 209 892.5 221 2818 224 487.5 225 813.5
CT_268 CT_104 201 268.5 207 1469.5 209 892.5 221 2818 224 487.5 225 813.5
CT_236 CT_058 201 177.5 205 932 207 733 209 502 221 1548.5 224 325.5 225 539.5
CT_058 CT_236 201 177.5 205 932 207 733 209 502 221 1548.5 224 325.5 225 539.5
CT_236 CT_041
CT_041 CT_236
CT_236 CT_180
CT_180 CT_236
CT_236 CT_348 207 703.5 209 453.5 221 1413.5
CT_348 CT_236 207 703.5 209 453.5 221 1413.5
CT_236 CT_297
CT_297 CT_236
CT_236 CT_049
CT_049 CT_236
CT_236 CT_140
CT_140 CT_236
CT_236 CT_303
CT_303 CT_236
CT_236 CT_050
CT_050 CT_236
CT_236 CT_085
CT_085 CT_236
CT_236 CT_134 205 1439.5 207 1224.5 209 766
CT_134 CT_236 205 1439.5 207 1224.5 209 766
CT_236 CT_240 201 273.5 224 496.5 225 767.5
CT_240 CT_236 201 273.5 224 496.5 225 831.5
CT_236 CT_360 201 192 224 351 225 537
CT_360 CT_236 201 192 224 351 225 537
CT_236 CT_176 201 119 224 221 225 337
CT_176 CT_236 201 119 224 221 225 337
CT_236 CT_142 201 263.5 224 477.5 225 735.5
CT_142 CT_236 201 263.5 224 477.5 225 735.5
CT_236 CT_150 201 112 224 208 225 315
CT_150 CT_236 201 112 224 208 225 315
CT_236 CT_167
CT_167 CT_236
CT_236 CT_317 207 743.5 209 473.5 221 1488.5
CT_317 CT_236 207 743.5 209 473.5 221 1488.5
CT_236 CT_300 201 236 205 1332 207 1130.5 209 706.5 224 428 225 656
CT_300 CT_236 201 229 205 1332 207 1130.5 209 706.5 224 416 225 640
CT_236 CT_125
CT_125 CT_236
CT_236 CT_261 201 293.5 224 533.5 225 822.5
CT_261 CT_236 201 293.5 224 533.5 225 822.5
CT_236 CT_036 201 243 224 444 225 684
CT_036 CT_236 201 243 224 444 225 684
CT_236 CT_075 201 278.5 224 506.5 225 780.5
CT_075 CT_236 201 278.5 224 506.5 225 780.5
CT_236 CT_194 205 1485.5 207 1264.5 209 791
CT_194 CT_236 205 1485.5 207 1264.5 209 791
CT_236 CT_127 201 119 205 732 207 599.5 209 391 221 1215.5 224 221 225 337
CT_127 CT_236 201 119 205 732 207 599.5 209 391 221 1215.5 224 221
CT_236 CT_133 205 1247.5 207 1056 209 662
CT_133 CT_236 205 1247.5 207 1056 209 662
CT_236 CT_161
CT_161 CT_236
CT_236 CT_315 207 613.5 209 398.5 221 1243.5
CT_315 CT_236 207 613.5 209 398.5 221 1243.5
CT_236 CT_100
CT_100 CT_236
CT_236 CT_053 201 201 205 1203 207 960.5 209 644.5 221 1980.5 224 367 225 566
CT_053 CT_236 201 201 205 1203 207 960.5 209 644.5 221 1980.5 224 367 225 613.5
CT_236 CT_218 201 189.5 205 1216 207 998 209 647 221 2024.5 224 343.5 225 527.5
CT_218 CT_236 201 189.5 205 1216 207 998 209 647 221 2024.5 224 343.5 225 571
CT_236 CT_163 201 189.5 224 343.5 225 571
CT_163 CT_236 201 189.5 224 343.5 225 571
CT_236 CT_321 201 189.5 224 343.5 225 527.5
CT_321 CT_236 201 189.5 224 343.5 225 527.5
CT_236 CT_146
CT_146 CT_236
CT_236 CT_066 201 263.5 224 477.5 225 735.5
CT_066 CT_236 201 263.5 224 477.5 225 735.5
CT_236 CT_179 201 168.5 207 794 209 506.5 221 1579.5 224 307.5 225 470.5
CT_179 CT_236 201 168.5 207 794 209 506.5 221 1579.5 224 307.5 225 470.5
CT_236 CT_340 201 263.5 224 477.5 225 735.5
CT_340 CT_236 201 268.5 224 487.5 225 751.5
CT_236 CT_257 201 278.5 207 1600 209 1023.5 221 3212.5 224 544.5 225 950.5
CT_257 CT_236 201 278.5 207 1600 209 1023.5 221 3212.5 224 544.5 225 950.5
CT_236 CT_289 207 828 209 527 221 1645
CT_289 CT_236 207 828 209 527 221 1645
CT_236 CT_268 201 138.5 205 785.5 207 633.5 209 419.5 221 1305 224 255.5 225 388.5
CT_268 CT_236 201 138.5 205 785.5 207 633.5 209 419.5 221 1305 224 275.5 225 422
CT_121 CT_058 201 504.5 224 923.5 225 1513.5
CT_058 CT_121 201 504.5 224 923.5 225 1513.5
CT_121 CT_180
CT_180 CT_121
CT_121 CT_305
CT_305 CT_121
CT_121 CT_348
CT_348 CT_121
CT_121 CT_369
CT_369 CT_121
CT_121 CT_140
CT_140 CT_121
CT_121 CT_186
CT_186 CT_121
CT_121 CT_134
CT_134 CT_121
CT_121 CT_142
CT_142 CT_121
CT_121 CT_176
CT_176 CT_121
CT_121 CT_360
CT_360 CT_121
CT_121 CT_150 201 411.5 224 760.5 225 1355.5 226 2707.5
CT_150 CT_121 201 411.5 224 760.5 225 1252.5 226 2178.5
CT_121 CT_317
CT_317 CT_121
CT_121 CT_167
CT_167 CT_121
CT_121 CT_300
CT_300 CT_121
CT_121 CT_261
CT_261 CT_121
CT_121 CT_036
CT_036 CT_121
CT_121 CT_075
CT_075 CT_121
CT_121 CT_194
CT_194 CT_121
CT_121 CT_127
CT_127 CT_121
CT_121 CT_288
CT_288 CT_121
CT_121 CT_315
CT_315 CT_121
CT_121 CT_053 201 521.5 224 955.5 225 1581.5
CT_053 CT_121 201 521.5 224 955.5 225 1581.5
CT_121 CT_218 201 330 224 613 225 1011 226 1726
CT_218 CT_121 201 330 224 613 225 1093.5 226 1726
CT_121 CT_321
CT_321 CT_121
CT_121 CT_163
CT_163 CT_121
CT_121 CT_066
CT_066 CT_121
CT_121 CT_146
CT_146 CT_121
CT_121 CT_179
CT_179 CT_121
CT_121 CT_340
CT_340 CT_121
CT_121 CT_257 201 209.5 224 402.5 225 611.5 226 989.5
CT_257 CT_121 201 209.5 224 402.5 225 611.5 226 989.5
CT_121 CT_289
CT_289 CT_121
CT_121 CT_268 201 380.5 224 702.5 225 1244.5 226 1985.5
CT_268 CT_121 201 380.5 224 756.5 225 1244.5 226 2468.5
CT_058 CT_180 201 254.5 207 1240 209 769.5 221 2411 224 464.5 225 717.5 227 254.5
CT_180 CT_058 201 254.5 207 1240 209 769.5 221 2411 224 464.5 225 717.5
CT_058 CT_347
CT_347 CT_058
CT_058 CT_175
CT_175 CT_058
CT_058 CT_348 205 1265.5 207 1187.5 209 731 221 2297
CT_348 CT_058 201 217 205 1265.5 207 1187.5 209 731 221 2297 224 397 225 662.5
CT_058 CT_295
CT_295 CT_058
CT_058 CT_234 201 173.5 224 317.5 225 484.5
CT_234 CT_058 201 168.5 224 307.5 225 470.5
CT_058 CT_297 201 86 224 161 225 244
CT_297 CT_058 201 86 224 161 225 244
CT_058 CT_283
CT_283 CT_058
CT_058 CT_356
CT_356 CT_058
CT_058 CT_287 201 156.5 205 838.5 207 671 209 450.5 221 1393 224 288.5 225 440.5 227 156.5
CT_287 CT_058 201 156.5 205 838.5 207 671 209 450.5 221 1393 224 288.5 225 478.5
CT_058 CT_229 201 192 203 305 224 351 225 537
CT_229 CT_058 201 192 224 351 225 537
CT_058 CT_140
CT_140 CT_058
CT_058 CT_326 201 192 224 351 225 583
CT_326 CT_058 201 192 224 351 225 537
CT_058 CT_114
CT_114 CT_058
CT_058 CT_303
CT_303 CT_058
CT_058 CT_223 201 213 224 388 225 598 226 1374.5
CT_223 CT_058 201 213 224 388 225 598 226 1105
CT_058 CT_134
CT_134 CT_058
CT_058 CT_142 201 302.5 224 549.5 225 851.5
CT_142 CT_058 201 302.5 224 549.5 225 851.5
CT_058 CT_176 201 173.5 207 630.5 209 433 221 1332 224 324 225 484.5 226 923.5
CT_176 CT_058 201 173.5 207 630.5 209 433 221 1332 224 317.5 225 484.5 226 923.5
CT_058 CT_150 201 141.5 205 678.5 207 662.5 209 425 221 1324.5 224 275.5 225 432 226 785.5
CT_150 CT_058 201 141.5 205 678.5 207 662.5 209 425 221 1324.5 224 261.5 225 422 226 785.5
CT_058 CT_317 201 224 207 1109.5 209 692 221 2166.5 224 419 225 677
CT_317 CT_058 201 224 205 1305 207 1223 209 752 221 2363.5 224 427 225 677
CT_058 CT_300 201 290.5 224 525.5 225 810.5
CT_300 CT_058 201 290.5 224 525.5 225 810.5
CT_058 CT_125 201 434 224 812 225 1369.5
CT_125 CT_058 201 434 224 812 225 1450
CT_058 CT_261 201 335 224 606 225 937
CT_261 CT_058 201 335 224 606 225 937
CT_058 CT_036 201 273.5 224 496.5 225 767.5
CT_036 CT_058 201 273.5 224 496.5 225 767.5
CT_058 CT_075 201 320.5 224 586.5 225 908.5
CT_075 CT_058 201 320.5 224 586.5 225 902.5
CT_058 CT_194 201 293.5 224 533.5 225 822.5
CT_194 CT_058 201 293.5 224 533.5 225 822.5
CT_058 CT_057 201 64.5 224 122.5 225 182.5
CT_057 CT_058 201 75 224 153.5 225 214
CT_058 CT_127 201 192 224 351 225 537
CT_127 CT_058 201 192 224 378.5 225 583
CT_058 CT_161 201 224 224 407 225 677
CT_161 CT_058 201 224 224 440 225 677
CT_058 CT_288 201 141.5 205 722 207 692.5 209 437.5 221 1369.5 224 275.5 225 422 227 135.5
CT_288 CT_058 201 141.5 205 722 207 692.5 209 437.5 221 1369.5 224 275.5 225 422
CT_058 CT_315 201 206 205 1174.5 207 1107 209 683.5 221 2146.5 224 389 225 613.5 227 198
CT_315 CT_058 201 206 205 1174.5 207 1107 209 683.5 221 2146.5 224 377 225 629.5
CT_058 CT_218 201 236 205 1679.5 207 1407.5 209 888.5 221 2593.5 224 428 225 662.5 227 217
CT_218 CT_058 201 236 205 1679.5 207 1407.5 209 888.5 221 2593.5 224 460.5 225 662.5
CT_058 CT_321 201 177.5 203 281.5 224 325.5 225 497.5
CT_321 CT_058 201 177.5 224 325.5 225 497.5
CT_058 CT_163 201 243 224 460.5 225 712
CT_163 CT_058 201 243 224 444 225 724.5
CT_058 CT_066 201 293.5 224 533.5 225 822.5
CT_066 CT_058 201 290.5 224 525.5 225 810.5
CT_058 CT_146 201 335 224 606 225 1014.5
CT_146 CT_058 201 335 224 606 225 937
CT_058 CT_179 201 243 207 1406.5 209 865 221 2708 224 444 225 724.5 227 240
CT_179 CT_058 201 243 207 1406.5 209 865 221 2708 224 444 225 724.5
CT_058 CT_340 201 317 224 575 225 887
CT_340 CT_058 201 317 224 575 225 887
CT_058 CT_257 201 317 224 592.5 225 1034 227 302.5
CT_257 CT_058 201 317 224 575 225 981
CT_058 CT_289 201 236 205 1380.5 207 1289.5 209 792 221 2488.5 224 428 225 656 227 229
CT_289 CT_058 201 236 205 1380.5 207 1289.5 209 792 221 2488.5 224 428 225 656
CT_058 CT_268 201 192 205 1245.5 207 1043 209 661 221 1910.5 224 372.5 225 571
CT_268 CT_058 201 192 205 1245.5 207 1043 209 661 221 1910.5 224 351 225 583
CT_181 CT_289 201 236 224 428 225 656
CT_289 CT_181 201 236 224 428 225 656
CT_355 CT_356 201 78 224 148 225 223
CT_356 CT_355 201 78 224 148 225 223
CT_355 CT_176 201 51.5 224 105.5 225 155.5
CT_176 CT_355 201 51.5 224 105.5 225 155.5
CT_355 CT_075
CT_075 CT_355
CT_355 CT_315
CT_315 CT_355
CT_355 CT_218 201 189.5 224 372.5 225 571
CT_218 CT_355 201 189.5 224 343.5 225 527.5
CT_355 CT_321 201 43.5 224 101 225 153.5
CT_321 CT_355 201 43.5 224 97.5 225 153.5
CT_355 CT_257 201 293.5 224 533.5 225 950.5
CT_257 CT_355 201 293.5 224 544.5 225 950.5
CT_355 CT_289
CT_289 CT_355
CT_083 CT_075
CT_075 CT_083
CT_083 CT_340
CT_340 CT_083
CT_083 CT_257
CT_257 CT_083
CT_083 CT_289
CT_289 CT_083
CT_083 CT_268
CT_268 CT_083
CT_373 CT_125
CT_125 CT_373
CT_373 CT_218 201 81 203 113 205 267 207 190.5 209 158.5 221 476.5 224 160.5 225 242.5 304 240 307 400
CT_218 CT_373 201 81 205 267 207 190.5 209 158.5 221 476.5 224 154 225 242.5 304 240 307 400
CT_373 CT_257 201 168.5 207 929 209 620 221 1934 224 307.5 225 547.5
CT_257 CT_373 207 929 209 620 221 1934
CT_373 CT_289 207 491 209 410 224 361 225 600 304 793 307 1180
CT_289 CT_373 207 491 209 410 224 361 225 552 304 690 307 1180
CT_041 CT_167 201 152.5 224 279.5 225 431
CT_167 CT_041 201 152.5 224 279.5 225 427.5 227 130.5
CT_041 CT_289 201 285.5 224 516.5 225 796.5
CT_289 CT_041 201 285.5 224 516.5 225 796.5
CT_180 CT_287
CT_287 CT_180
CT_180 CT_140
CT_140 CT_180
CT_180 CT_303
CT_303 CT_180
CT_180 CT_205 201 192 224 351 225 537
CT_205 CT_180 201 192 224 351 225 537
CT_180 CT_240
CT_240 CT_180
CT_180 CT_176
CT_176 CT_180
CT_180 CT_150
CT_150 CT_180
CT_180 CT_167
CT_167 CT_180
CT_180 CT_125
CT_125 CT_180
CT_180 CT_261 201 229 207 1163.5 209 754.5 221 2349.5 224 416 225 640
CT_261 CT_180
CT_180 CT_036 201 251 224 456 225 703
CT_036 CT_180 201 251 224 456 225 703
CT_180 CT_075 201 285.5 224 525.5 225 808.5
CT_075 CT_180 201 285.5 224 525.5 225 808.5
CT_180 CT_194 207 456 209 287
CT_194 CT_180 207 456 209 287 221 861
CT_180 CT_053 201 302.5 224 549.5 225 922
CT_053 CT_180 201 299.5 224 542.5 225 908.5
CT_180 CT_218 201 141.5 207 523.5 209 357 221 1101.5 224 261.5 225 398.5
CT_218 CT_180 201 141.5 207 523.5 209 357 221 1101.5 224 261.5 225 398.5
CT_180 CT_163 201 119 205 623.5 207 551.5 209 360 221 1034 224 221 225 337
CT_163 CT_180 201 119 205 623.5 207 551.5 209 360 221 1034 224 221 225 337
CT_180 CT_146 201 224 207 1198 209 711.5 221 2246.5 224 407 225 625
CT_146 CT_180 201 224 207 1198 209 711.5 221 2246.5 224 407 225 677
CT_180 CT_340 207 733 209 458
CT_340 CT_180 207 733 209 458
CT_180 CT_257 201 189.5 224 372.5 225 634.5
CT_257 CT_180 201 189.5 224 343.5 225 584.5
CT_180 CT_289 201 50.5 207 237 209 144 221 444 224 104.5 225 152.5
CT_289 CT_180 201 50.5 207 237 209 144 221 444 224 104.5 225 166 227 50.5
CT_180 CT_268 201 152.5 207 963.5 209 584 221 1833 224 279.5 225 427.5
CT_268 CT_180 201 152.5 207 963.5 209 584 221 1833 224 279.5 225 427.5
CT_347 CT_142
CT_142 CT_347
CT_347 CT_167
CT_167 CT_347
CT_347 CT_261
CT_261 CT_347
CT_347 CT_036
CT_036 CT_347 201 201 224 367 225 566
CT_347 CT_194
CT_194 CT_347
CT_347 CT_075
CT_075 CT_347
CT_347 CT_257 201 229 224 416 225 725
CT_257 CT_347
CT_347 CT_340
CT_340 CT_347
CT_347 CT_289 201 115 224 214 225 353.5
CT_289 CT_347 201 115 224 214 225 315
CT_305 CT_140
CT_140 CT_305
CT_305 CT_125 201 132 224 256 225 387
CT_125 CT_305 201 132 224 256 225 387
CT_305 CT_194
CT_194 CT_305
CT_305 CT_075 201 192 224 351 225 537
CT_075 CT_305 201 192 224 351 225 537
CT_305 CT_218 201 138.5 205 730 207 568.5 209 391.5 221 1214 224 255.5 225 388.5
CT_218 CT_305 201 138.5 205 730 207 568.5 209 391.5 221 1214 224 255.5 225 388.5
CT_305 CT_340 201 148.5 207 322 209 260 221 757 224 272.5 225 536
CT_340 CT_305 201 211.5 207 322 209 260 221 757 224 447.5 225 688
CT_305 CT_289 201 213 207 1104 209 705.5 221 2192 224 388 225 598
CT_289 CT_305 201 213 207 1104 209 705.5 221 2192 224 388 225 613.5
CT_365 CT_125 201 190.5 224 379.5 225 667.5
CT_125 CT_365 201 190.5 224 379.5 225 667.5
CT_365 CT_261
CT_261 CT_365
CT_365 CT_075 201 252 224 467 225 717
CT_075 CT_365 201 252 224 467 225 717
CT_365 CT_194 201 64.5 207 221 209 150 224 122.5 225 199
CT_194 CT_365 201 64.5 207 221 209 150 224 122.5 225 182.5
CT_365 CT_163 201 62.5 224 117.5 225 188.5
CT_163 CT_365 201 62.5 224 117.5 225 174.5 227 62.5
CT_365 CT_340 201 96 207 460.5 209 297.5 224 181 225 260 227 72
CT_340 CT_365 201 96 207 460.5 209 297.5 224 181 225 260
CT_365 CT_179 201 128.5 207 751.5 209 479.5 224 237.5 225 363.5
CT_179 CT_365 201 128.5 207 751.5 209 479.5 224 237.5 225 394.5
CT_365 CT_257 201 100 224 186 225 276
CT_257 CT_365 201 100 224 186 225 276
CT_365 CT_289 201 148.5 207 839.5 209 535.5 224 272.5 225 415.5
CT_289 CT_365 201 148.5 207 839.5 209 535.5 224 272.5 225 415.5
CT_175 CT_050
CT_050 CT_175
CT_175 CT_167
CT_167 CT_175
CT_175 CT_288 201 81 207 229.5 209 191.5 221 574 224 154 225 231
CT_288 CT_175 201 81 207 220.5 209 184 221 551.5 224 154 225 231
CT_175 CT_315 207 690.5 209 463 221 1433
CT_315 CT_175 207 690.5 209 463 221 1433
CT_175 CT_053
CT_053 CT_175
CT_175 CT_218 201 156.5 224 288.5 225 440.5
CT_218 CT_175
CT_175 CT_179
CT_179 CT_175
CT_175 CT_257
CT_257 CT_175
CT_175 CT_340
CT_340 CT_175
CT_175 CT_289 207 896 209 585 221 1818
CT_289 CT_175 207 896 209 585 221 1818
CT_175 CT_268 207 708.5 209 482 221 1492.5
CT_268 CT_175 207 708.5 209 482 221 1492.5
CT_123 CT_321 201 75 224 142 225 214
CT_321 CT_123 201 75 203 118 224 142 225 214
CT_123 CT_257
CT_257 CT_123
CT_123 CT_289
CT_289 CT_123
CT_231 CT_360
CT_360 CT_231
CT_231 CT_150 201 251 224 492 225 762 226 1540.5
CT_150 CT_231 201 251 224 456 225 703 226 1540.5
CT_231 CT_167
CT_167 CT_231
CT_231 CT_261 201 41.5 207 81 209 67 224 95.5 225 150 226 244.5
CT_261 CT_231 201 41.5 207 81 209 67 224 95.5 225 150 226 244.5
CT_231 CT_194 201 163.5 224 299.5 225 456.5
CT_194 CT_231 201 163.5 224 299.5 225 456.5
CT_231 CT_321
CT_321 CT_231
CT_231 CT_066
CT_066 CT_231
CT_231 CT_146 201 115 224 214 225 325
CT_146 CT_231 201 115 224 214 225 353.5
CT_231 CT_257 201 78 224 148 225 232
CT_257 CT_231 201 78 224 148 225 242.5
CT_231 CT_289 201 229 224 416 225 640
CT_289 CT_231 201 229 224 416 225 640
CT_231 CT_268 201 213 224 419 225 647.5 226 1338
CT_268 CT_231 201 213 224 388 225 647.5 226 1338
CT_348 CT_140
CT_140 CT_348
CT_348 CT_360 201 236 224 428 225 712
CT_360 CT_348
CT_348 CT_167 201 236 224 428 225 656
CT_167 CT_348 207 1270 209 782.5 221 2459.5
CT_348 CT_075 201 263.5 207 665 209 555 224 477.5 225 797.5
CT_075 CT_348 207 665.5 209 555.5
CT_348 CT_194 207 682 209 439
CT_194 CT_348 207 682 209 439
CT_348 CT_340 201 248 207 970 209 619 224 446 225 679
CT_340 CT_348 207 970 209 619
CT_348 CT_257
CT_257 CT_348 201 217 224 397 225 696
CT_234 CT_326 201 62.5 224 127.5 225 188.5
CT_326 CT_234 201 62.5 224 117.5 225 174.5
CT_234 CT_167
CT_167 CT_234
CT_234 CT_075
CT_075 CT_234
CT_234 CT_194
CT_194 CT_234
CT_234 CT_179 201 138.5 224 255.5
CT_179 CT_234 201 138.5 224 255.5 225 388.5
CT_234 CT_340
CT_340 CT_234
CT_234 CT_257 201 240 224 436 225 757
CT_257 CT_234 201 240 224 436 225 757
CT_234 CT_289 201 128.5 224 237.5 225 363.5
CT_289 CT_234 201 128.5 224 237.5 225 363.5
CT_295 CT_114
CT_114 CT_295
CT_295 CT_142 207 201.5 209 168
CT_142 CT_295 207 201.5 209 168
CT_295 CT_150
CT_150 CT_295
CT_295 CT_075
CT_075 CT_295
CT_295 CT_127
CT_127 CT_295
CT_295 CT_315
CT_315 CT_295
CT_295 CT_146 207 360.5 209 300.5
CT_146 CT_295 207 360.5 209 300.5
CT_295 CT_179
CT_179 CT_295
CT_295 CT_257 207 272 209 226.5
CT_257 CT_295 207 272 209 226.5
CT_295 CT_340
CT_340 CT_295
CT_295 CT_289
CT_289 CT_295
CT_352 CT_289 201 236 224 428 225 712
CT_289 CT_352 201 236 224 428 225 712
CT_297 CT_229
CT_229 CT_297
CT_297 CT_167 201 124 224 230 225 351
CT_167 CT_297 201 124 224 230 225 351
CT_297 CT_321 201 121.5 224 238.5 225 371.5
CT_321 CT_297 201 121.5 224 238.5 225 402.5
CT_297 CT_289
CT_289 CT_297
CT_049 CT_326
CT_326 CT_049
CT_049 CT_167 201 163.5 224 299.5 225 456.5
CT_167 CT_049 201 163.5 224 299.5 225 456.5 227 143.5
CT_049 CT_340
CT_340 CT_049
CT_049 CT_289
CT_289 CT_049
CT_356 CT_176 201 41.5 224 95.5 225 138.5
CT_176 CT_356 201 41.5 224 95.5 225 138.5
CT_356 CT_125
CT_125 CT_356
CT_356 CT_075
CT_075 CT_356
CT_356 CT_257
CT_257 CT_356
CT_356 CT_289
CT_289 CT_356
CT_283 CT_300 201 285.5 224 516.5 225 796.5
CT_300 CT_283
CT_283 CT_075 201 215 224 401 225 615
CT_075 CT_283 201 215 224 401 225 615
CT_283 CT_315 201 201 224 367 225 566 226 1049
CT_315 CT_283 201 201 224 367 225 566 226 1049
CT_283 CT_053
CT_053 CT_283
CT_283 CT_321 201 46.5 207 104 209 87 224 100.5 225 153.5 226 261.5
CT_321 CT_283 201 46.5 207 104 209 87 224 100.5 225 146.5 226 326
CT_283 CT_066
CT_066 CT_283
CT_283 CT_257
CT_257 CT_283
CT_283 CT_289 201 229 224 416 225 640 226 1184
CT_289 CT_283 201 229 224 416 225 640 226 1473
CT_283 CT_268
CT_268 CT_283
CT_071 CT_100
CT_100 CT_071
CT_071 CT_066
CT_066 CT_071
CT_329 CT_340 201 254.5 224 501.5 225 717.5
CT_340 CT_329
CT_329 CT_289 201 251 224 456 225 703
CT_289 CT_329 201 251 224 456 225 703
CT_174 CT_075
CT_075 CT_174
CT_174 CT_289
CT_289 CT_174
CT_369 CT_134
CT_134 CT_369
CT_369 CT_075 201 72.5 203 115.5 207 133.5 209 111.5 224 136.5 225 202.5 227 64.5
CT_075 CT_369 201 72.5 203 115.5 207 133.5 209 111.5 224 146.5 225 193.5
CT_369 CT_100
CT_100 CT_369
CT_369 CT_340 201 240 224 436 225 669
CT_340 CT_369 201 240 224 436 225 669
CT_369 CT_179 201 224 224 407 225 625
CT_179 CT_369 201 224 224 407 225 625
CT_369 CT_257 201 229 224 416 225 725
CT_257 CT_369 201 229 224 416 225 725
CT_369 CT_289 201 240 224 436 225 669
CT_289 CT_369 201 240 224 436 225 669
CT_304 CT_142 207 180 209 150
CT_142 CT_304 207 180 209 150
CT_304 CT_300
CT_300 CT_304
CT_304 CT_146 207 342 209 285
CT_146 CT_304 207 342 209 285
CT_287 CT_167
CT_167 CT_287
CT_287 CT_179 201 168.5 207 726.5 209 450 221 1410 224 307.5 225 470.5
CT_179 CT_287 201 168.5 207 726.5 209 450 221 1410 224 307.5 225 470.5
CT_287 CT_289 201 148.5 207 760.5 209 470.5 221 1475.5 224 272.5 225 415.5
CT_289 CT_287 201 148.5 207 760.5 209 470.5 221 1475.5 224 272.5 225 415.5
CT_229 CT_153 201 156.5 224 288.5 225 440.5
CT_153 CT_229
CT_229 CT_150 201 138.5 224 255.5 225 388.5 226 770
CT_150 CT_229 201 138.5 224 275.5 225 422 226 770
CT_229 CT_167 201 229 224 416 225 694
CT_167 CT_229 201 229 224 416 225 640
CT_229 CT_075 201 227 224 421 225 643
CT_075 CT_229 201 227 224 421 225 643
CT_229 CT_194
CT_194 CT_229
CT_229 CT_315 201 213 224 388 225 629.5 226 1374.5
CT_315 CT_229 201 213 224 388 225 598 226 1105
CT_229 CT_218 201 229 224 416 225 694
CT_218 CT_229 201 229 224 449 225 694
CT_229 CT_146
CT_146 CT_229
CT_229 CT_179 201 251 224 456 225 703
CT_179 CT_229 201 251 224 456 225 703
CT_229 CT_340 201 302.5 224 549.5 225 851.5
CT_340 CT_229 201 302.5 224 549.5 225 851.5
CT_229 CT_257 201 313.5 224 566.5 225 969.5
CT_257 CT_229 201 313.5 224 566.5 225 969.5
CT_229 CT_289 201 240 224 436 225 669 226 1238
CT_289 CT_229 201 240 224 436 225 724.5 226 1540.5
CT_229 CT_268 201 180.5 224 331.5 225 553
CT_268 CT_229 201 180.5 224 331.5 225 553
CT_282 CT_179
CT_179 CT_282
CT_282 CT_340
CT_340 CT_282
CT_282 CT_289 207 1267.5 209 805 221 2513
CT_289 CT_282 207 1267.5 209 805 221 2513
CT_186 CT_036
CT_036 CT_186
CT_186 CT_194
CT_194 CT_186
CT_186 CT_257 201 236 224 428 225 656
CT_257 CT_186 201 236 224 428 225 656
CT_186 CT_289
CT_289 CT_186
CT_186 CT_146 201 91 224 169 225 253
CT_146 CT_186 201 91 224 169 225 253
CT_186 CT_340
CT_340 CT_186
CT_186 CT_218
CT_218 CT_186
CT_225 CT_300 201 86 224 161 225 244
CT_300 CT_225 201 86 224 161 225 244
CT_225 CT_075
CT_075 CT_225
CT_225 CT_194
CT_194 CT_225
CT_225 CT_340 201 175.5 224 316.5 225 478.5
CT_340 CT_225 201 175.5 224 316.5 225 478.5
CT_225 CT_257 201 156.5 224 288.5 225 509.5
CT_257 CT_225 201 156.5 224 288.5 225 509.5
CT_225 CT_289 201 112 224 208 225 315
CT_289 CT_225 201 112 224 208 225 315
CT_140 CT_303
CT_303 CT_140
CT_140 CT_176
CT_176 CT_140
CT_140 CT_150
CT_150 CT_140
CT_140 CT_167
CT_167 CT_140
CT_140 CT_300
CT_300 CT_140
CT_140 CT_125
CT_125 CT_140
CT_140 CT_261 207 296.5 209 242
CT_261 CT_140 207 296.5 209 242
CT_140 CT_036
CT_036 CT_140
CT_140 CT_194
CT_194 CT_140
CT_140 CT_075
CT_075 CT_140
CT_140 CT_127
CT_127 CT_140
CT_140 CT_288
CT_288 CT_140
CT_140 CT_315
CT_315 CT_140
CT_140 CT_053
CT_053 CT_140
CT_140 CT_218 207 828.5 209 531.5 221 1662.5
CT_218 CT_140 205 1003.5 207 828.5 209 531.5 221 1662.5
CT_140 CT_163
CT_163 CT_140
CT_140 CT_146 207 411 209 337.5
CT_146 CT_140 207 411 209 337.5
CT_140 CT_179
CT_179 CT_140
CT_140 CT_289
CT_289 CT_140
CT_140 CT_268 207 1136 209 723.5 221 2269
CT_268 CT_140 205 1369 207 1136 209 723.5 221 2269
CT_326 CT_240
CT_240 CT_326
CT_326 CT_142
CT_142 CT_326
CT_326 CT_150 201 119 224 221 225 337
CT_150 CT_326 201 119 224 221 225 337
CT_326 CT_167
CT_167 CT_326
CT_326 CT_300
CT_300 CT_326
CT_326 CT_261
CT_261 CT_326
CT_326 CT_075
CT_075 CT_326
CT_326 CT_057
CT_057 CT_326
CT_326 CT_315 201 148.5 207 668 209 444 221 1376.5 224 272.5 225 415.5
CT_315 CT_326 201 148.5 207 668 209 444 221 1376.5 224 272.5 225 415.5
CT_326 CT_288 201 75 207 198 209 165 221 495 224 142 225 232
CT_288 CT_326 201 75 207 198 209 165 221 495 224 142 225 214
CT_326 CT_053 201 217 224 397 225 611
CT_053 CT_326 201 217 224 397 225 662.5
CT_326 CT_218 201 180.5 207 1050.5 209 690.5 221 2155.5 224 331.5 225 509.5
CT_218 CT_326 201 180.5 207 1050.5 209 690.5 221 2155.5 224 331.5 225 509.5
CT_326 CT_321
CT_321 CT_326
CT_326 CT_146 201 299.5 224 542.5 225 908.5
CT_146 CT_326 201 299.5 224 542.5 225 908.5
CT_326 CT_179 201 198 224 361 225 552
CT_179 CT_326 201 198 224 361 225 600
CT_326 CT_257 201 273.5 224 496.5 225 842.5
CT_257 CT_326 201 273.5 224 496.5 225 842.5
CT_326 CT_340
CT_340 CT_326
CT_326 CT_289 201 180.5 207 873.5 209 566 221 1761.5 224 331.5 225 509.5
CT_289 CT_326 201 180.5 207 873.5 209 566 221 1761.5 224 331.5 225 509.5
CT_326 CT_268 201 148.5 207 686 209 463 221 1436 224 272.5 225 415.5
CT_268 CT_326 201 148.5 207 686 209 463 221 1436 224 272.5 225 415.5
CT_114 CT_240
CT_240 CT_114
CT_114 CT_150
CT_150 CT_114
CT_114 CT_300
CT_300 CT_114
CT_114 CT_261
CT_261 CT_114
CT_114 CT_036
CT_036 CT_114
CT_114 CT_075
CT_075 CT_114
CT_114 CT_315
CT_315 CT_114
CT_114 CT_100
CT_100 CT_114
CT_114 CT_218
CT_218 CT_114
CT_114 CT_163
CT_163 CT_114
CT_114 CT_146
CT_146 CT_114
CT_114 CT_179
CT_179 CT_114
CT_114 CT_340
CT_340 CT_114
CT_114 CT_257
CT_257 CT_114
CT_114 CT_289
CT_289 CT_114
CT_114 CT_268
CT_268 CT_114
CT_151 CT_075 201 212 207 955.5 209 685 221 2107 224 395 225 603
CT_075 CT_151 201 213 224 395 225 603
CT_151 CT_179 201 156.5 224 288.5 225 440.5
CT_179 CT_151 201 156.5 224 288.5 225 440.5
CT_151 CT_257 201 213 205 1388.5 207 1167.5 209 729.5 221 2304.5 224 419 225 724.5 227 213
CT_257 CT_151 201 213 205 1388.5 207 1167.5 209 729.5 221 2304.5 224 419 225 668
CT_151 CT_340 207 1275.5 209 811.5 221 2519.5
CT_340 CT_151 205 1508 207 1275.5 209 811.5 221 2519.5
CT_151 CT_289 201 156.5 207 906 209 551 221 1741 224 288.5 225 440.5
CT_289 CT_151 201 156.5 207 906 209 551 221 1741 224 288.5 225 440.5
CT_303 CT_167
CT_167 CT_303
CT_303 CT_125
CT_125 CT_303
CT_303 CT_261
CT_261 CT_303
CT_303 CT_075
CT_075 CT_303
CT_303 CT_315
CT_315 CT_303
CT_303 CT_218 201 172.5 224 313.5 225 478.5
CT_218 CT_303 201 172.5 224 313.5 225 478.5
CT_303 CT_066
CT_066 CT_303
CT_303 CT_146
CT_146 CT_303
CT_303 CT_179
CT_179 CT_303
CT_303 CT_257 201 91 203 137 224 167 225 246
CT_257 CT_303 201 91 203 137 224 167 225 246
CT_303 CT_289
CT_289 CT_303
CT_303 CT_268
CT_268 CT_303
CT_223 CT_176 201 152.5 224 279.5 225 427.5
CT_176 CT_223 201 152.5 224 279.5 225 427.5
CT_223 CT_167
CT_167 CT_223
CT_223 CT_300
CT_300 CT_223
CT_223 CT_075 201 229 224 416 225 640
CT_075 CT_223 201 229 224 416 225 640
CT_223 CT_218
CT_218 CT_223
CT_223 CT_179
CT_179 CT_223
CT_223 CT_257
CT_257 CT_223
CT_223 CT_289
CT_289 CT_223
CT_223 CT_315 203 77.5
CT_315 CT_223 203 77.5
CT_291 CT_340 201 266 224 490 225 752
CT_340 CT_291 201 266 224 490 225 752
CT_291 CT_257 201 259 224 474 225 793
CT_257 CT_291
CT_291 CT_289 201 263 224 482 225 737
CT_289 CT_291 201 263 224 520.5 225 800.5
CT_050 CT_167 201 141.5 224 261.5 225 422
CT_167 CT_050 201 141.5 224 261.5 225 398.5 227 124.5
CT_050 CT_218
CT_218 CT_050
CT_050 CT_257
CT_257 CT_050
CT_050 CT_289 201 273.5 224 496.5 225 831.5
CT_289 CT_050 201 273.5 224 496.5 225 767.5
CT_246 CT_360 201 53.5 224 115 225 173
CT_360 CT_246 201 53.5 224 107.5 225 158.5
CT_085 CT_075
CT_075 CT_085
CT_085 CT_179
CT_179 CT_085
CT_085 CT_289
CT_289 CT_085
CT_039 CT_289
CT_289 CT_039
CT_205 CT_261
CT_261 CT_205
CT_205 CT_075 201 105 224 212.5 225 323
CT_075 CT_205 201 105 224 196 225 297
CT_205 CT_315
CT_315 CT_205
CT_205 CT_146
CT_146 CT_205
CT_205 CT_179 201 177.5 224 325.5 225 497.5
CT_179 CT_205 201 177.5 224 325.5 225 539.5
CT_205 CT_340 201 274.5 224 531.5 225 871
CT_340 CT_205 201 274.5 224 531.5 225 871
CT_205 CT_257 201 209.5 224 383.5 225 585.5
CT_257 CT_205 201 209.5 224 409.5 225 637
CT_033 CT_036 201 102 203 159 207 262 209 218 224 205.5 225 310.5 226 653
CT_036 CT_033 201 102 203 159 207 262 209 218 224 205.5 225 310.5 226 653
CT_033 CT_257 201 341 224 665 225 1133
CT_257 CT_033 201 341 224 665 225 1133
CT_033 CT_289 201 299.5 224 542.5 225 908.5
CT_289 CT_033 201 299.5 224 542.5 225 908.5
CT_042 CT_257
CT_257 CT_042
CT_042 CT_289
CT_289 CT_042
CT_219 CT_125
CT_125 CT_219
CT_219 CT_340 201 206.5 224 406.5 225 660.5
CT_340 CT_219 201 206.5 224 406.5 225 611.5
CT_219 CT_257 201 142 224 259 225 423.5
CT_257 CT_219 201 142 224 259 225 392
CT_128 CT_194 201 173.5 224 317.5 225 526
CT_194 CT_128 201 177.5 224 325.5 225 526
CT_128 CT_340 201 219.5 224 393.5 225 597.5 227 180.5
CT_340 CT_128 201 219.5 224 393.5 225 597.5
CT_128 CT_257 201 198 224 361 225 629
CT_257 CT_128 201 192 224 372.5 225 615
CT_128 CT_289 201 110 224 216 225 326
CT_289 CT_128 201 110 224 216 225 326
CT_111 CT_075
CT_075 CT_111
CT_111 CT_179
CT_179 CT_111
CT_111 CT_340
CT_340 CT_111
CT_111 CT_257
CT_257 CT_111
CT_111 CT_289
CT_289 CT_111
CT_134 CT_176
CT_176 CT_134
CT_134 CT_150
CT_150 CT_134
CT_134 CT_317 207 627.5 209 402
CT_317 CT_134 207 627.5 209 402
CT_134 CT_167
CT_167 CT_134
CT_134 CT_036
CT_036 CT_134
CT_134 CT_261
CT_261 CT_134
CT_134 CT_075
CT_075 CT_134
CT_134 CT_288 205 1221 207 1079 209 644.5 221 2024
CT_288 CT_134 205 1221 207 1079 209 644.5 221 2024
CT_134 CT_315 207 785 209 469.5 221 1475.5
CT_315 CT_134 207 785 209 469.5 221 1475.5
CT_134 CT_218 207 375 209 292.5
CT_218 CT_134 207 680 209 430 221 1330.5
CT_134 CT_321
CT_321 CT_134
CT_134 CT_066
CT_066 CT_134
CT_134 CT_146 207 1208 209 721 221 2269
CT_146 CT_134 207 1208 209 721 221 2269
CT_134 CT_179 207 606.5 209 364 221 1141.5
CT_179 CT_134 207 606.5 209 364 221 1141.5
CT_134 CT_340 207 328 209 205 221 614
CT_340 CT_134 207 328 209 205 221 614
CT_134 CT_257
CT_257 CT_134
CT_134 CT_289 207 723.5 209 437 221 1361
CT_289 CT_134 207 723.5 209 437 221 1361
CT_134 CT_268
CT_268 CT_134 207 1071 209 674.5 221 2102.5
CT_309 CT_075 201 158.5 224 299.5 225 456.5
CT_075 CT_309 201 158.5 224 299.5 225 456.5
CT_309 CT_179 201 128.5 224 237.5 225 363.5
CT_179 CT_309 201 128.5 224 237.5 225 363.5
CT_309 CT_340
CT_340 CT_309 201 192 224 351 225 635
CT_309 CT_257 201 180.5 224 331.5 225 586.5
CT_257 CT_309 201 180.5 224 331.5 225 586.5
CT_309 CT_289 201 143.5 224 275.5 225 419.5
CT_289 CT_309 201 143.5 224 275.5 225 419.5
CT_240 CT_150 201 217 224 397 225 611
CT_150 CT_240 201 217 224 397 225 662.5
CT_240 CT_125
CT_125 CT_240
CT_240 CT_261
CT_261 CT_240
CT_240 CT_036 201 98 224 197.5 225 298
CT_036 CT_240 201 135.5 224 247.5 225 408
CT_240 CT_194
CT_194 CT_240
CT_240 CT_315 201 243 224 444 225 740.5
CT_315 CT_240 201 243 224 444 225 740.5
CT_240 CT_100
CT_100 CT_240
CT_240 CT_179
CT_179 CT_240
CT_240 CT_340
CT_340 CT_240
CT_240 CT_257
CT_257 CT_240
CT_240 CT_289 201 268.5 224 487.5 225 751.5
CT_289 CT_240 201 268.5 224 487.5 225 751.5
CT_240 CT_268 201 180.5 224 358.5 225 553
CT_268 CT_240 201 180.5 224 358.5 225 553
CT_328 CT_125
CT_125 CT_328
CT_328 CT_075 201 121.5 224 238.5 225 371.5
CT_075 CT_328 201 121.5 224 238.5 225 371.5
CT_328 CT_194
CT_194 CT_328
CT_328 CT_315 201 152.5 224 279.5 225 427.5
CT_315 CT_328 201 152.5 224 279.5 225 427.5
CT_328 CT_179
CT_179 CT_328
CT_328 CT_340 201 243 224 478 225 848
CT_340 CT_328 201 243 224 444 225 782
CT_328 CT_257 201 236 224 428 225 725
CT_257 CT_328 201 236 224 428 225 725
CT_328 CT_289
CT_289 CT_328
CT_142 CT_176
CT_176 CT_142
CT_142 CT_360
CT_360 CT_142
CT_142 CT_150 201 206 205 1351.5 207 1104 209 715 221 2243 224 407.5 225 629.5
CT_150 CT_142 201 206 205 1351.5 207 1104 209 715 221 2243 224 407.5 225 629.5
CT_142 CT_167
CT_167 CT_142
CT_142 CT_300
CT_300 CT_142
CT_142 CT_125 201 149 224 288 225 436
CT_125 CT_142 201 149 224 307 225 473.5
CT_142 CT_261 201 64.5 205 194.5 207 136.5 209 113.5 221 323.5 224 122.5 225 199
CT_261 CT_142 201 64.5 205 194.5 207 136.5 209 113.5 221 323.5 224 122.5 225 199
CT_142 CT_036
CT_036 CT_142
CT_142 CT_194
CT_194 CT_142
CT_142 CT_075 201 180.5 224 331.5 225 509.5
CT_075 CT_142 201 180.5 224 331.5 225 509.5
CT_142 CT_127
CT_127 CT_142
CT_142 CT_288 201 229 207 1294.5 209 827.5 221 2597 224 416 225 640
CT_288 CT_142 201 229 207 1294.5 209 827.5 221 2597 224 416 225 640
CT_142 CT_315 201 173.5 207 1096 209 684 221 2143 224 317.5 225 484.5
CT_315 CT_142 201 177.5 207 1096 209 684 221 2143 224 325.5 225 539.5
CT_142 CT_053 201 328 224 595 225 918
CT_053 CT_142 201 328 224 595 225 918
CT_142 CT_218 201 115 205 648 207 513 209 345.5 221 1076.5 224 214 225 353.5
CT_218 CT_142 201 115 205 648 207 513 209 345.5 221 1076.5 224 214 225 325
CT_142 CT_163 201 115 207 514.5 209 338.5 221 1053 224 214 225 353.5
CT_163 CT_142 201 115 207 514.5 209 338.5 221 1053 224 214 225 325
CT_142 CT_066
CT_066 CT_142
CT_142 CT_179 201 177.5 207 931.5 209 586.5 221 1835 224 325.5 225 539.5
CT_179 CT_142 201 177.5 207 931.5 209 586.5 221 1835 224 325.5 225 526
CT_142 CT_289 201 201 207 1048.5 209 659.5 221 2054.5 224 367 225 566
CT_289 CT_142 201 201 207 1048.5 209 659.5 221 2054.5 224 367 225 566
CT_142 CT_268 201 173.5 205 1063 207 867.5 209 567 221 1775.5 224 317.5 225 526
CT_268 CT_142 201 173.5 205 1063 207 867.5 209 567 221 1775.5 224 342.5 225 484.5
CT_153 CT_167 207 1124 209 714 221 2235.5
CT_167 CT_153 207 1124 209 714 221 2235.5
CT_153 CT_075 201 176.5 224 331.5 225 504.5 227 176.5
CT_075 CT_153 201 176.5 224 331.5 225 504.5
CT_153 CT_179 201 156.5 207 816.5 209 496.5 221 1567.5 224 288.5 225 451
CT_179 CT_153 201 156.5 207 816.5 209 496.5 221 1567.5 224 302 225 478.5
CT_153 CT_340 201 229 205 1445 207 1214 209 771 221 2399 224 419 225 744
CT_340 CT_153 201 229 205 1445 207 1214 209 771 221 2399 224 419 225 744
CT_153 CT_289 201 141.5 203 224.5 207 844 209 512.5 221 1618.5 224 261.5 225 650
CT_289 CT_153 201 141.5 203 224.5 207 844 209 512.5 221 1618.5 224 261.5 225 650
CT_360 CT_176 201 98 224 182 225 275 226 502
CT_176 CT_360 201 98 224 182 225 275 226 502
CT_360 CT_150 201 192 224 351 225 537 226 618
CT_150 CT_360 201 192 224 351 225 537 226 618
CT_360 CT_317 201 240 224 436 225 669
CT_317 CT_360 201 240 224 436 225 669
CT_360 CT_167
CT_167 CT_360
CT_360 CT_300
CT_300 CT_360
CT_360 CT_125
CT_125 CT_360
CT_360 CT_036 201 69 224 130 225 194 227 69
CT_036 CT_360 201 69 224 130 225 194
CT_360 CT_075 201 163.5 224 299.5 225 456.5
CT_075 CT_360 201 163.5 224 299.5 225 456.5
CT_360 CT_194
CT_194 CT_360
CT_360 CT_127
CT_127 CT_360
CT_360 CT_288 201 152.5 224 279.5 225 427.5
CT_288 CT_360 201 152.5 224 279.5 225 463.5
CT_360 CT_315 201 224 224 407 225 625
CT_315 CT_360 201 224 224 407 225 625
CT_360 CT_218 201 198 224 361 225 552
CT_218 CT_360 201 198 224 361 225 552
CT_360 CT_066 201 93 224 174 225 263 227 93
CT_066 CT_360 201 93 224 174 225 263
CT_360 CT_146
CT_146 CT_360
CT_360 CT_163
CT_163 CT_360
CT_360 CT_179 201 254.5 224 464.5 225 717.5
CT_179 CT_360 201 254.5 224 464.5 225 717.5
CT_360 CT_257 201 290.5 224 525.5 225 894.5
CT_257 CT_360 201 290.5 224 525.5 225 894.5
CT_360 CT_340
CT_340 CT_360
CT_360 CT_289 201 251 224 456 225 703
CT_289 CT_360 201 251 224 456 225 703
CT_360 CT_268 201 156.5 224 288.5 225 440.5
CT_268 CT_360 201 156.5 224 288.5 225 440.5
CT_176 CT_167
CT_167 CT_176
CT_176 CT_300
CT_300 CT_176
CT_176 CT_317 201 168.5 207 1027.5 209 647 221 2033 224 307.5 225 470.5 226 865.5
CT_317 CT_176 201 168.5 207 1027.5 209 647 221 2033 224 307.5 225 470.5 226 1078.5
CT_176 CT_036 201 135.5 207 453.5 209 353 224 247.5 225 377.5 226 692.5
CT_036 CT_176 201 135.5 207 453.5 209 353 224 247.5 225 377.5 226 692.5
CT_176 CT_194 201 263.5 224 477.5 225 735.5
CT_194 CT_176 201 263.5 224 477.5 225 735.5
CT_176 CT_125
CT_125 CT_176
CT_176 CT_261
CT_261 CT_176
CT_176 CT_288 201 86 205 614.5 207 511 209 328.5 221 1021.5 224 161 225 244 226 389
CT_288 CT_176 201 86 207 511 209 328.5 221 1021.5 224 161 225 244 226 389
CT_176 CT_075 201 192 224 351 225 537
CT_075 CT_176 201 192 224 351 225 537
CT_176 CT_053 201 192 224 351 225 537
CT_053 CT_176 201 192 224 378.5 225 583
CT_176 CT_218 201 173.5 207 745 209 482.5 221 1514 224 317.5 225 484.5
CT_218 CT_176 201 173.5 207 745 209 482.5 221 1514 224 317.5 225 484.5
CT_176 CT_127 201 148.5 224 272.5 225 415.5
CT_127 CT_176 201 148.5 224 272.5 225 451
CT_176 CT_321 201 112 224 208 225 315 226 575
CT_321 CT_176 201 112 224 208 225 315 226 575
CT_176 CT_146
CT_146 CT_176
CT_176 CT_179 201 198 224 361 225 600
CT_179 CT_176 201 198 224 361 225 552
CT_176 CT_340 201 278.5 224 544.5 225 958
CT_340 CT_176 201 278.5 224 544.5 225 958
CT_176 CT_315 201 156.5 207 884.5 209 562 221 1764.5 224 288.5 225 440.5 226 789.5
CT_315 CT_176 201 156.5 207 884.5 209 562 221 1764.5 224 288.5 225 440.5 226 789.5
CT_176 CT_257 201 268.5 224 526 225 896
CT_257 CT_176 201 268.5 224 487.5 225 827.5
CT_176 CT_289 201 180.5 207 1103 209 691.5 221 2174 224 331.5 225 553 226 941.5
CT_289 CT_176 201 180.5 207 1103 209 691.5 221 2174 224 331.5 225 509.5 226 1173.5
CT_176 CT_163 201 189.5 224 343.5 225 527.5
CT_163 CT_176 201 189.5 224 343.5 225 527.5
CT_150 CT_167 201 152.5 207 732.5 209 469 221 1462.5 224 279.5 225 427.5
CT_167 CT_150 201 152.5 207 732.5 209 469 221 1462.5 224 302 225 463.5
CT_150 CT_036 201 189.5 203 299.5 207 886.5 209 584 221 1818 224 343.5 225 527.5 226 814.5
CT_036 CT_150 201 189.5 203 299.5 207 886.5 209 584 221 1818 224 343.5 225 527.5 226 814.5
CT_150 CT_125 201 340.5 224 648.5 225 1166.5 226 2381
CT_125 CT_150 201 340.5 224 695.5 225 1166.5 226 2381
CT_150 CT_261 201 263.5 205 1546 207 1234 209 823 221 2566.5 224 477.5 225 740.5 226 1364.5
CT_261 CT_150 201 263.5 205 1546 207 1234 209 823 221 2566.5 224 477.5 225 735.5 226 1697.5
CT_150 CT_075 201 236 207 1071.5 209 757 221 2335.5 224 437 225 672 227 227
CT_075 CT_150 201 236 203 364 207 1071.5 209 757 221 2335.5 224 437 225 672
CT_150 CT_194
CT_194 CT_150
CT_150 CT_127 201 124 224 230 225 351
CT_127 CT_150 201 124 224 230 225 351
CT_150 CT_161 201 148.5 224 272.5 225 415.5
CT_161 CT_150 201 148.5 224 272.5 225 415.5
CT_150 CT_315 201 152.5 207 803 209 494 221 1560 224 291.5 225 445.5 226 646
CT_315 CT_150 201 152.5 207 803 209 494 221 1560 224 291.5 225 445.5 226 803.5
CT_150 CT_100 201 341 224 731 225 1135
CT_100 CT_150 201 341 224 731 225 1135
CT_150 CT_053 201 173.5 207 891 209 567.5 221 1775 224 317.5 225 510
CT_053 CT_150 201 173.5 207 891 209 567.5 221 1775 224 324 225 496.5
CT_150 CT_321 201 138.5 224 255.5 225 388.5 226 890
CT_321 CT_150 201 138.5 224 255.5 225 388.5 226 890
CT_150 CT_066 201 206 224 377 225 582
CT_066 CT_150 201 206 224 377 225 582
CT_150 CT_146 201 251 207 1410 209 864.5 221 2731 224 478 225 740.5
CT_146 CT_150 201 251 207 1410 209 864.5 221 2731 224 478 225 762
CT_150 CT_179 201 177.5 224 333 225 497.5
CT_179 CT_150 201 177.5 224 325.5 225 497.5
CT_150 CT_340 205 1614 207 1364.5 209 867 221 2694.5
CT_340 CT_150 205 1614 207 1364.5 209 867 221 2694.5
CT_150 CT_257 201 243 205 1494.5 207 1256.5 209 785.5 221 2479.5 224 444 225 772 226 1312 227 224
CT_257 CT_150 201 243 205 1494.5 207 1256.5 209 785.5 221 2479.5 224 478 225 772 226 1635.5
CT_150 CT_289 201 185.5 207 1021.5 209 623.5 221 1969.5 224 350.5 225 535.5 226 814.5
CT_289 CT_150 201 185.5 207 1021.5 209 623.5 221 1969.5 224 374.5 225 581.5 226 1015
CT_317 CT_167 201 236 207 1293 209 796 221 2501.5 224 428 225 656
CT_167 CT_317
CT_317 CT_300 201 141.5 207 540.5 209 348 224 261.5 225 398.5
CT_300 CT_317 207 540.5 209 348
CT_317 CT_125
CT_125 CT_317
CT_317 CT_261 201 224 224 407 225 625
CT_261 CT_317 201 224 224 407 225 625
CT_317 CT_036 201 229 203 364 224 416 225 694
CT_036 CT_317 201 229 224 416 225 694
CT_317 CT_075 201 268.5 207 680 209 567.5 224 526 225 813.5 304 940 307 1610
CT_075 CT_317 201 268.5 207 680 209 567.5 224 487.5 225 751.5
CT_317 CT_194 207 667.5 209 427
CT_194 CT_317 207 667.5 209 427
CT_317 CT_053 201 268.5 205 1576 207 1337 209 834.5 224 526 225 813.5
CT_053 CT_317 201 243 207 1328.5 209 829 221 2598.5 224 444 225 724.5
CT_317 CT_146 207 1290 209 769.5 221 2418.5
CT_146 CT_317 207 1290 209 769.5 221 2418.5
CT_317 CT_257 201 217 224 397 225 696
CT_257 CT_317
CT_317 CT_340 207 955.5 209 607
CT_340 CT_317 207 955.5 209 607
CT_167 CT_300
CT_300 CT_167
CT_167 CT_125
CT_125 CT_167
CT_167 CT_036
CT_036 CT_167
CT_167 CT_261
CT_261 CT_167
CT_167 CT_075
CT_075 CT_167
CT_167 CT_194
CT_194 CT_167
CT_167 CT_127
CT_127 CT_167
CT_167 CT_161
CT_161 CT_167
CT_167 CT_288 201 156.5 205 908 207 775 209 489 221 1532 224 288.5 225 440.5
CT_288 CT_167 201 156.5 205 908 207 762.5 209 481.5 221 1507.5 224 288.5 225 440.5
CT_167 CT_315 201 217 207 1189.5 209 735 221 2309 224 397 225 611
CT_315 CT_167 201 217 207 1177 209 727.5 221 2284.5 224 397 225 611
CT_167 CT_218 201 240 207 1375.5 209 871 221 2731.5 224 436 225 669
CT_218 CT_167 201 240 207 1375.5 209 871 221 2731.5 224 436 225 669
CT_167 CT_321 201 213 224 388 225 598
CT_321 CT_167
CT_167 CT_163
CT_163 CT_167
CT_167 CT_146
CT_146 CT_167
CT_167 CT_066
CT_066 CT_167
CT_167 CT_179
CT_179 CT_167
CT_167 CT_340
CT_340 CT_167
CT_167 CT_257 201 323 224 630 225 1080
CT_257 CT_167 201 323 224 585 225 997
CT_167 CT_289 201 243 207 1372 209 843.5 221 2651 224 444 225 684
CT_289 CT_167 201 243 207 1359.5 209 836 221 2626.5 224 444 225 684
CT_167 CT_268 201 206 207 1029.5 209 655 221 2048.5 224 378.5 225 583
CT_268 CT_167 201 206 207 1057 209 672 221 2103.5 224 377 225 582
CT_300 CT_125
CT_125 CT_300
CT_300 CT_261
CT_261 CT_300
CT_300 CT_036 201 263.5 224 477.5 225 735.5
CT_036 CT_300 201 263.5 224 477.5 225 735.5
CT_300 CT_075 201 263.5 207 762 209 622 224 477.5 225 735.5
CT_075 CT_300 201 263.5 207 762 209 622 224 477.5 225 735.5
CT_300 CT_127 205 679.5 207 601 209 357 221 1127
CT_127 CT_300 205 679.5 207 601 209 357 221 1127
CT_300 CT_161
CT_161 CT_300
CT_300 CT_288 201 206 205 1113.5 207 1067.5 209 646.5 221 2009 224 377 225 629.5
CT_288 CT_300 201 206 205 1113.5 207 1067.5 209 646.5 221 2009 224 377 225 582
CT_300 CT_315 201 163.5 207 691 209 410 221 1295 224 299.5 225 456.5
CT_315 CT_300 201 163.5 207 691 209 415.5 221 1295 224 299.5 225 456.5
CT_300 CT_053 201 313.5 224 566.5 225 871.5
CT_053 CT_300 201 313.5 224 566.5 225 871.5
CT_300 CT_100
CT_100 CT_300
CT_300 CT_218 201 124 207 586 209 370 221 1151 224 230 225 351
CT_218 CT_300 201 124 207 586 209 370 221 1151 224 230 225 351
CT_300 CT_321
CT_321 CT_300 201 302.5 224 549.5 225 851.5
CT_300 CT_066 201 278.5 224 506.5 225 846
CT_066 CT_300 201 278.5 224 506.5 225 780.5
CT_300 CT_146 201 206 207 1114 209 661.5 221 2088.5 224 377 225 629.5
CT_146 CT_300 201 206 207 1114 209 661.5 221 2088.5 224 377 225 582
CT_300 CT_179 201 105 207 512.5 209 304.5 221 961 224 196 225 323
CT_179 CT_300 201 105 207 512.5 209 304.5 221 961 224 196 225 297
CT_300 CT_340 207 421 209 264.5 221 794.5
CT_340 CT_300 207 421 209 264.5 221 794.5
CT_300 CT_257
CT_257 CT_300
CT_300 CT_289 201 128.5 207 629.5 209 377.5 221 1180.5 224 237.5 225 363.5
CT_289 CT_300 201 128.5 207 629.5 209 377.5 221 1180.5 224 237.5 225 394.5
CT_300 CT_268 201 192 207 1071 209 644.5 221 2034 224 351 225 537
CT_268 CT_300 201 192 207 1071 209 644.5 221 2034 224 351 225 537
CT_125 CT_261
CT_261 CT_125
CT_125 CT_036
CT_036 CT_125
CT_125 CT_075
CT_075 CT_125
CT_125 CT_194
CT_194 CT_125
CT_125 CT_127
CT_127 CT_125
CT_125 CT_130
CT_130 CT_125
CT_125 CT_288
CT_288 CT_125
CT_125 CT_315
CT_315 CT_125
CT_125 CT_053 201 450.5 224 843.5 225 1439
CT_053 CT_125 201 450.5 224 843.5 225 1439
CT_125 CT_218 201 259 224 501 225 835 226 1819
CT_218 CT_125 201 259 224 535.5 225 904.5 226 1819
CT_125 CT_321
CT_321 CT_125
CT_125 CT_163 201 234.5 224 456.5 225 742.5
CT_163 CT_125 201 234.5 224 456.5 225 805.5
CT_125 CT_146
CT_146 CT_125
CT_125 CT_179 201 309.5 224 590.5 225 988.5
CT_179 CT_125 201 309.5 224 590.5 225 988.5
CT_125 CT_340
CT_340 CT_125
CT_125 CT_257 201 139 224 291 225 436 226 725
CT_257 CT_125 201 139 224 291 225 436 226 725
CT_125 CT_289 201 325.5 224 619.5 225 1018.5
CT_289 CT_125 201 325.5 224 619.5 225 1018.5
CT_125 CT_268 201 309.5 224 590.5 225 1055.5 226 2142
CT_268 CT_125 201 309.5 224 633 225 1055.5 226 2142
CT_261 CT_036
CT_036 CT_261 201 278.5 224 506.5 225 780.5
CT_261 CT_075 201 198 224 361 225 552
CT_075 CT_261 201 198 224 361 225 552
CT_261 CT_194 201 189.5 224 343.5 225 527.5
CT_194 CT_261 201 189.5 224 343.5 225 527.5
CT_261 CT_133
CT_133 CT_261
CT_261 CT_127 201 224 224 407 225 677
CT_127 CT_261 201 224 224 407 225 625
CT_261 CT_288 201 273.5 207 1424.5 209 935.5 221 2920.5 224 496.5 225 797.5
CT_288 CT_261 201 273.5 207 1424.5 209 935.5 221 2920.5 224 496.5 225 831.5
CT_261 CT_315 201 213 207 1226 209 792 221 2466.5 224 388 225 598
CT_315 CT_261 201 213 207 1226 209 792 221 2466.5 224 388 225 598
CT_261 CT_053 201 360 224 649 225 1003
CT_053 CT_261 201 360 224 649 225 1003
CT_261 CT_218 201 180.5 205 842.5 207 643 209 453.5 221 1400 224 331.5 225 509.5 226 941.5
CT_218 CT_261 201 180.5 205 842.5 207 643 209 453.5 221 1400 224 331.5 225 509.5 226 941.5
CT_261 CT_163 201 180.5 207 644.5 209 446.5 221 1376.5 224 331.5 225 553
CT_163 CT_261 201 180.5 207 644.5 209 446.5 221 1376.5 224 331.5 225 553
CT_261 CT_321 201 302.5 224 549.5 225 851.5
CT_321 CT_261 201 302.5 224 549.5 225 851.5
CT_261 CT_066
CT_066 CT_261
CT_261 CT_146 201 115 207 295.5 209 246 224 214 225 325
CT_146 CT_261 201 115 207 291 209 242.5 224 214 225 353.5
CT_261 CT_179 201 229 207 1061.5 209 694.5 221 2158.5 224 416 225 694
CT_179 CT_261 201 229 207 1061.5 209 694.5 221 2158.5 224 416 225 640
CT_261 CT_340 201 124 207 302 209 243.5 221 706 224 230 225 351
CT_340 CT_261 201 124 207 302 209 243.5 221 706 224 230 225 351
CT_261 CT_257 201 105 207 214.5 209 178.5 221 506.5 224 196 225 297 307 563
CT_257 CT_261 201 105 207 214.5 209 178.5 221 506.5 224 196 225 297 307 563
CT_261 CT_289 201 243 207 1178.5 209 767.5 221 2378 224 444 225 684
CT_289 CT_261 201 243 207 1178.5 209 767.5 221 2378 224 444 225 684
CT_261 CT_268 201 229 205 1257.5 207 997.5 209 675 221 2099 224 416 225 640 226 1184
CT_268 CT_261 201 229 205 1257.5 207 997.5 209 675 221 2099 224 416 225 640 226 1473
CT_036 CT_194 201 290.5 224 525.5 225 810.5
CT_194 CT_036 201 290.5 224 525.5 225 810.5
CT_036 CT_075 201 148.5 224 272.5 225 415.5
CT_075 CT_036 201 148.5 224 272.5 225 415.5
CT_036 CT_127 201 206 224 407.5 225 629.5
CT_127 CT_036 201 206 224 407.5 225 629.5
CT_036 CT_161
CT_161 CT_036
CT_036 CT_288 201 213 207 1073 209 694 221 2164.5 224 388 225 647.5
CT_288 CT_036 201 213 207 1073 209 694 221 2164.5 224 388 225 598
CT_036 CT_315 201 213 203 340 207 1108 209 714.5 221 2230 224 388 225 647.5
CT_315 CT_036 201 213 203 340 207 1108 209 714.5 221 2230 224 419 225 647.5
CT_036 CT_100 201 240 224 550 225 852
CT_100 CT_036 201 240 224 602.5 225 931.5
CT_036 CT_053
CT_053 CT_036
CT_036 CT_321 201 148.5 224 272.5 225 451
CT_321 CT_036 201 148.5 224 272.5 225 415.5 227 148.5
CT_036 CT_218 201 201 207 959 209 629 221 1961 224 396 225 613.5
CT_218 CT_036 201 201 207 959 209 629 221 1961 224 396 225 613.5
CT_036 CT_163 201 240 207 1102 209 736 221 2281.5 224 436 225 669
CT_163 CT_036 201 240 207 1102 209 736 221 2281.5 224 436 225 669
CT_036 CT_146 201 163.5 224 299.5 225 456.5
CT_146 CT_036 201 163.5 224 299.5 225 496.5
CT_036 CT_179 201 254.5 207 1299 209 828 221 2588.5 224 492 225 717.5
CT_179 CT_036 201 254.5 207 1299 209 828 221 2588.5 224 492 225 762
CT_036 CT_340 201 313.5 224 566.5 225 871.5
CT_340 CT_036 201 313.5 224 566.5 225 871.5
CT_036 CT_257 201 290.5 207 1533 209 988 221 3094 224 567.5 225 985.5
CT_257 CT_036 201 290.5 207 1533 209 988 221 3094 224 567.5 225 985.5
CT_036 CT_289 201 240 203 381 207 1326.5 209 844 221 2639.5 224 436 225 724.5
CT_289 CT_036 201 240 203 381 207 1326.5 209 844 221 2639.5 224 436 225 724.5
CT_036 CT_268 201 148.5 203 235.5 207 614 209 413.5 221 1280.5 224 294 225 451
CT_268 CT_036 201 148.5 203 235.5 207 614 209 413.5 221 1280.5 224 294 225 451
CT_064 CT_321 201 156.5 224 296.5 225 478.5
CT_321 CT_064 201 156.5 224 288.5 225 478.5
CT_064 CT_179 201 254.5 224 464.5 225 778.5
CT_179 CT_064 201 254.5 224 464.5 225 717.5
CT_064 CT_289 201 240 224 471 225 724.5
CT_289 CT_064 201 240 224 471 225 724.5
CT_243 CT_194 201 119 207 476 209 287.5 221 895.5 224 221 225 337
CT_194 CT_243 207 486.5 209 296.5 221 922
CT_243 CT_340 201 185.5 224 334.5 225 506.5
CT_340 CT_243 201 185.5 224 334.5 225 506.5
CT_075 CT_194
CT_194 CT_075
CT_075 CT_336 201 81 224 154 225 231
CT_336 CT_075 201 81 224 154 225 231
CT_075 CT_127 201 208 207 540 209 450 224 387 225 590 304 750 307 1280
CT_127 CT_075 201 208 207 540 209 450 224 387 225 590 304 750 307 1280
CT_075 CT_161
CT_161 CT_075
CT_075 CT_288 201 251 224 456 225 703
CT_288 CT_075 201 251 224 456 225 703
CT_075 CT_315 201 251 207 611.5 209 510.5 224 457 225 703 304 850 307 1450
CT_315 CT_075 201 251 207 611.5 209 510.5 224 457 225 703 304 850 307 1450
CT_075 CT_100 201 302.5 224 663.5 225 1034.5
CT_100 CT_075 201 302.5 224 663.5 225 1034.5
CT_075 CT_053 201 317 224 575 225 887
CT_053 CT_075 201 317 224 575 225 961
CT_075 CT_218 201 183.5 203 235.5 207 426 209 355.5 221 1064 224 342.5 225 521.5 304 580 307 1000
CT_218 CT_075 201 183.5 207 426 209 355.5 221 1064 224 342.5 225 569 304 580 307 1000
CT_075 CT_163 201 224 207 569 209 462 224 413 225 633
CT_163 CT_075 201 224 207 569 209 462 224 413 225 633
CT_075 CT_066 201 135.5 224 247.5 225 408
CT_066 CT_075 201 135.5 224 247.5 225 377.5
CT_075 CT_146 201 128.5 224 237.5 225 363.5
CT_146 CT_075 201 128.5 224 237.5 225 363.5
CT_075 CT_321 201 241 224 447 225 688
CT_321 CT_075 201 241 224 447 225 688
CT_075 CT_252
CT_252 CT_075
CT_075 CT_179 201 293.5 207 737.5 209 589 224 533.5 225 822.5
CT_179 CT_075 201 293.5 207 737.5 209 589 224 533.5 225 890.5
CT_075 CT_340 201 289.5 224 534.5 225 859.5
CT_340 CT_075 201 289.5 224 534.5 225 859.5
CT_075 CT_257 201 277.5 207 1164 209 816.5 221 2521.5 224 513.5 225 875.5
CT_257 CT_075 201 277.5 207 1164 209 816.5 221 2521.5 224 513.5 225 875.5
CT_075 CT_289 201 285.5 207 726.5 209 606.5 224 525.5 225 808.5 304 1030 307 1770
CT_289 CT_075 201 285.5 207 726.5 209 606.5 224 525.5 225 808.5 304 1030 307 1770
CT_075 CT_268 201 198.5 203 314 207 799 209 587 221 1798 224 369.5 225 562.5
CT_268 CT_075 201 198.5 207 799 209 587 221 1798 224 369.5 225 562.5 227 187.5
CT_194 CT_127 205 833 207 735 209 441.5 221 1381.5
CT_127 CT_194 205 833 207 735 209 441.5 221 1381.5
CT_194 CT_133 205 259.5 207 238 209 149 221 456.5
CT_133 CT_194 205 259.5 207 238 209 149 221 456.5
CT_194 CT_161
CT_161 CT_194
CT_194 CT_130
CT_130 CT_194
CT_194 CT_288 205 1267 207 1119 209 669.5 221 2098
CT_288 CT_194 205 1267 207 1119 209 669.5 221 2098
CT_194 CT_315 207 825 209 494.5 221 1549.5
CT_315 CT_194 207 825 209 494.5 221 1549.5
CT_194 CT_053 201 317 224 575 225 887
CT_053 CT_194 201 317 224 575 225 887
CT_194 CT_218 201 152.5 207 720 209 455 221 1404.5 224 279.5 225 427.5
CT_218 CT_194 201 152.5 207 720 209 455 221 1404.5 224 279.5 225 427.5
CT_194 CT_321
CT_321 CT_194
CT_194 CT_163 201 112 205 654 207 587.5 209 356.5 221 1111.5 224 224 225 341
CT_163 CT_194 201 112 205 654 207 587.5 209 356.5 221 1111.5 224 224 225 341
CT_194 CT_066
CT_066 CT_194
CT_194 CT_146 207 1248 209 746 221 2343
CT_146 CT_194 207 1248 209 746 221 2343
CT_194 CT_179 201 148.5 207 657 209 398 221 1242 224 272.5 225 415.5
CT_179 CT_194 201 148.5 207 657 209 398 221 1242 224 272.5 225 415.5
CT_194 CT_340 207 290 209 183.5 221 540
CT_340 CT_194 207 290 209 183.5 221 540
CT_194 CT_257 201 130 224 239 225 355
CT_257 CT_194 201 130 224 239 225 355
CT_194 CT_289 201 168.5 207 763.5 209 462 221 1435 224 307.5 225 470.5
CT_289 CT_194 201 168.5 207 763.5 209 462 221 1435 224 307.5 225 470.5
CT_194 CT_268 201 206 207 1111 209 699.5 221 2176.5 224 377 225 582
CT_268 CT_194 201 206 207 1111 209 699.5 221 2176.5 224 377 225 582
CT_336 CT_146 201 62.5 224 117.5 225 174.5
CT_146 CT_336 201 62.5 224 117.5 225 174.5
CT_127 CT_321 201 229 224 416 225 694
CT_321 CT_127 201 229 224 416 225 694
CT_127 CT_163 201 81 205 601.5 207 532 209 316 221 997.5 224 154 225 231
CT_163 CT_127 201 81 205 601.5 207 532 209 316 221 997.5 224 154 225 251.5
CT_127 CT_066 201 213 224 388 225 598
CT_066 CT_127
CT_127 CT_146 201 201 207 1183 209 702.5 221 2218 224 367 225 566
CT_146 CT_127 201 201 207 1183 209 702.5 221 2218 224 367 225 566
CT_127 CT_252 201 54.5 203 86.5 205 267.5 207 236.5 209 140.5 221 443.5 224 108.5 225 161.5
CT_252 CT_127 201 54.5 203 86.5 205 267.5 207 236.5 209 140.5 221 443.5 224 108.5 225 161.5
CT_127 CT_340 201 207.5 207 1022 209 621.5 221 1921.5 224 372.5 225 559.5
CT_340 CT_127 201 207.5 207 1022 209 621.5 221 1921.5 224 372.5 225 559.5
CT_127 CT_257 201 224.5 205 1466 207 1270 209 770 221 1780.5 224 402.5 225 613.5
CT_257 CT_127 201 224.5 205 1466 207 1270 209 770 221 2431.5 224 402.5 225 613.5
CT_127 CT_289 201 80 207 307 209 205 221 632 224 167 225 250 304 300 307 520
CT_289 CT_127 201 80 207 306 209 205 221 633 224 167 225 250 304 300 307 520
CT_127 CT_268 201 91 207 502.5 209 307 221 968.5 224 169 225 275.5
CT_268 CT_127 201 91 207 502.5 209 307 221 968.5 224 169 225 253
CT_133 CT_340 207 514.5 209 320 221 970
CT_340 CT_133 207 514.5 209 320 221 970
CT_133 CT_257
CT_257 CT_133
CT_133 CT_289 201 112 207 545.5 209 327.5 221 1022.5 224 208 225 341
CT_289 CT_133 201 112 207 545.5 209 327.5 221 1022.5 224 208 225 315
CT_057 CT_053 201 64.5 224 122.5 225 182.5
CT_053 CT_057 201 64.5 224 122.5 225 182.5
CT_057 CT_257
CT_257 CT_057
CT_057 CT_289
CT_289 CT_057
CT_161 CT_218 207 352 209 260.5
CT_218 CT_161 207 352 209 260.5
CT_161 CT_146 201 236 224 428 225 656
CT_146 CT_161
CT_161 CT_340
CT_340 CT_161
CT_161 CT_257
CT_257 CT_161
CT_161 CT_268 201 143.5 224 275.5 225 419.5
CT_268 CT_161 201 143.5 224 275.5 225 419.5
CT_130 CT_257
CT_257 CT_130
CT_130 CT_289 207 381 209 238 221 737.5
CT_289 CT_130 207 381 209 238 221 737.5
CT_288 CT_053 201 198 205 993 207 820.5 209 528 221 1630.5 224 361 225 600
CT_053 CT_288 201 192 205 993 207 820.5 209 528 221 1630.5 224 351 225 537
CT_288 CT_321 201 168.5 224 307.5 225 470.5 226 1078.5
CT_321 CT_288 201 168.5 224 307.5 225 470.5 226 1078.5
CT_288 CT_218 201 152.5 205 998.5 207 852.5 209 525.5 221 1660.5 224 282.5 225 427.5
CT_218 CT_288 201 152.5 205 998.5 207 852.5 209 525.5 221 1660.5 224 302 225 463.5
CT_288 CT_163 201 148.5 207 1016 209 603.5 221 1905 224 272.5 225 451
CT_163 CT_288 201 148.5 207 1016 209 603.5 221 1905 224 282.5 225 415.5
CT_288 CT_066 201 229 224 416 225 640
CT_066 CT_288 201 229 224 416 225 640
CT_288 CT_146 201 263.5 207 1578.5 209 964 221 3043.5 224 477.5 225 735.5
CT_146 CT_288 201 263.5 207 1578.5 209 964 221 3043.5 224 477.5 225 735.5
CT_288 CT_340 201 236 207 1551.5 209 975.5 221 3043.5 224 428 225 656
CT_340 CT_288 201 236 207 1551.5 209 975.5 221 3043.5 224 428 225 656
CT_288 CT_257 201 251 207 1454.5 209 902 221 2848.5 224 456 225 784
CT_257 CT_288 201 251 207 1454.5 209 902 221 2848.5 224 456 225 784
CT_288 CT_289 201 128.5 205 758.5 207 682.5 209 405.5 221 1281 224 237.5 225 363.5 226 646 227 128.5
CT_289 CT_288 201 128.5 205 758.5 207 682.5 209 405.5 221 1281 224 237.5 225 380.5 226 803.5
CT_288 CT_268 201 91 205 567 207 488 209 298 221 941 224 182.5 225 253
CT_268 CT_288 201 91 205 567 207 488 209 298 221 941 224 182.5 225 275.5
CT_315 CT_100 201 385.5 224 809.5 225 1258.5
CT_100 CT_315 201 385.5 224 809.5 225 1258.5
CT_315 CT_053 201 254.5 205 1445.5 207 1221 209 766 221 2381.5 224 464.5 225 717.5
CT_053 CT_315 201 251 205 1445.5 207 1221 209 766 221 2399 224 456 225 703
CT_315 CT_321 201 229 224 416 225 640 226 1184
CT_321 CT_315 201 229 224 416 225 694 226 1473
CT_315 CT_163 201 81 205 703 207 766 209 458.5 221 1436.5 224 154 225 231
CT_163 CT_315 201 81 205 703 207 766 209 458.5 221 1436.5 224 154 225 231
CT_315 CT_146 201 229 207 1391 209 829.5 221 2608 224 416 225 640
CT_146 CT_315 201 229 207 1391 209 829.5 221 2608 224 416 225 640
CT_315 CT_066 201 236 224 428 225 712
CT_066 CT_315 201 236 224 428 225 656
CT_315 CT_340 201 234 207 1020.5 209 661 224 420 225 638
CT_340 CT_315 201 234 207 1020.5 209 661 224 420 225 638
CT_315 CT_257 201 236 207 940.5 209 628 221 1956 224 428 225 741
CT_257 CT_315 201 236 207 940.5 209 628 221 1956 224 428 225 741
CT_315 CT_289 201 46.5 203 71.5 205 262.5 207 322 209 195 221 604.5 224 107 225 210 226 326 227 46.5 304 200 307 320
CT_289 CT_315 201 46.5 203 71.5 205 262.5 207 322 209 195 221 604.5 224 100.5 225 204 226 326 304 190 307 320
CT_315 CT_268 201 93 203 146 207 531 209 323.5 221 1022.5 224 174 225 622.5
CT_268 CT_315 201 93 203 146 207 551.5 209 336.5 221 1063 224 174 225 470
CT_100 CT_066 201 224 224 521 225 808
CT_066 CT_100 201 224 224 521 225 808
CT_100 CT_179
CT_179 CT_100
CT_100 CT_340
CT_340 CT_100
CT_100 CT_257 201 447 224 919 225 1526
CT_257 CT_100 201 447 224 919 225 1526
CT_100 CT_289 201 402.5 224 841.5 225 1310.5
CT_289 CT_100 201 402.5 224 841.5 225 1310.5
CT_100 CT_268 201 328 224 771 225 1202
CT_268 CT_100 201 328 224 709 225 1101
CT_053 CT_218 201 263.5 207 1534 209 969.5 221 3044 224 515.5 225 797.5
CT_218 CT_053 201 254.5 207 1534 209 969.5 221 3044 224 464.5 225 717.5
CT_053 CT_321 201 201 203 320 224 367 225 566
CT_321 CT_053 201 201 224 367 225 566
CT_053 CT_146 201 352 224 687 225 1014.5
CT_146 CT_053 201 360 224 649 225 1003
CT_053 CT_066
CT_066 CT_053
CT_053 CT_179 201 290.5 224 525.5 225 878
CT_179 CT_053 201 290.5 224 525.5 225 878
CT_053 CT_340
CT_340 CT_053
CT_053 CT_257 201 341 224 617 225 1093.5
CT_257 CT_053 201 341 224 617 225 1046
CT_053 CT_289 201 273.5 205 1651.5 207 1403.5 209 874.5 221 2723.5 224 496.5 225 767.5
CT_289 CT_053 201 278.5 205 1651.5 207 1403.5 209 874.5 221 2723.5 224 506.5 225 780.5
CT_053 CT_268 201 213 205 1292.5 207 1188 209 753.5 221 2361 224 389 225 647.5
CT_268 CT_053 201 217 207 1188 209 753.5 221 2361 224 397 225 647.5
CT_265 CT_289 201 177.5 205 1062.5 207 940 209 558 221 1762.5 224 325.5 225 539.5 227 177.5
CT_289 CT_265 201 177.5 205 1062.5 207 940 209 558 221 1762.5 224 325.5 225 539.5
CT_166 CT_179 201 224 207 1073.5 209 652 221 2050.5 224 407 225 677
CT_179 CT_166 201 224 207 1214.5 209 739.5 221 2315 224 407 225 677
CT_166 CT_257 201 299.5 224 567.5 225 1018
CT_257 CT_166 201 299.5 224 542.5 225 939.5
CT_166 CT_289 201 206 205 1262.5 207 1097.5 209 666.5 221 2095.5 224 407.5 225 629.5
CT_289 CT_166 201 206 205 1262.5 207 1097.5 209 666.5 221 2095.5 224 407.5 225 629.5
CT_193 CT_179 207 709 209 437.5 221 1360
CT_179 CT_193 207 709 209 437.5 221 1360
CT_193 CT_340 207 305 209 198.5
CT_340 CT_193 207 305 209 198.5
CT_193 CT_289 207 684 209 436.5
CT_289 CT_193 207 684 209 436.5
CT_218 CT_321 201 213 224 388 225 647.5
CT_321 CT_218 201 236 224 428 225 712
CT_218 CT_066 201 217 224 397 225 662.5
CT_066 CT_218 201 217 224 427 225 662.5
CT_218 CT_146 201 163.5 207 796 209 480.5 221 1519 224 299.5 225 456.5
CT_146 CT_218 201 163.5 207 796 209 480.5 221 1519 224 324 225 496.5
CT_218 CT_179 201 141.5 207 403.5 209 286 221 876.5 224 261.5 225 398.5
CT_179 CT_218 201 141.5 207 403.5 209 286 221 876.5 224 261.5 225 398.5
CT_218 CT_340 201 189.5 205 998 207 846.5 209 543.5 221 1672.5 224 341.5 225 518.5
CT_340 CT_218 201 189.5 205 998 207 846.5 209 543.5 221 1672.5 224 341.5 225 518.5
CT_218 CT_257 201 211.5 205 878.5 207 738.5 209 463.5 221 1458.5 224 377.5 225 575.5 226 810.5 227 138.5
CT_257 CT_218 201 211.5 205 878.5 207 738.5 209 463.5 221 1458.5 224 377.5 225 575.5 226 810.5
CT_218 CT_289 201 156.5 207 433.5 209 304 221 933 224 288.5 225 440.5 304 450 307 780
CT_289 CT_218 201 156.5 207 433.5 209 304 221 933 224 288.5 225 451 304 450 307 780
CT_321 CT_163 201 263.5 224 477.5 225 797.5
CT_163 CT_321 201 263.5 224 515.5 225 797.5
CT_321 CT_146
CT_146 CT_321
CT_321 CT_066 201 168.5 224 307.5 225 470.5
CT_066 CT_321
CT_321 CT_179 201 268.5 224 487.5 225 813.5
CT_179 CT_321 201 268.5 224 487.5 225 751.5
CT_321 CT_340 201 293.5 224 533.5 225 822.5
CT_340 CT_321 201 293.5 224 533.5 225 822.5
CT_321 CT_257 201 299.5 224 542.5 225 939.5
CT_257 CT_321 201 299.5 224 542.5 225 939.5
CT_321 CT_289 201 254.5 224 464.5 225 717.5 226 1330.5
CT_289 CT_321 201 254.5 224 464.5 225 717.5 226 1330.5
CT_321 CT_268 201 163.5 224 299.5 225 496.5
CT_268 CT_321 201 163.5 224 324 225 496.5
CT_163 CT_146 201 156.5 207 764.5 209 454 221 1433 224 288.5 225 478.5
CT_146 CT_163 201 156.5 207 764.5 209 454 221 1433 224 288.5 225 440.5
CT_163 CT_257 201 154 205 899 207 768.5 209 472 221 1491 224 278 225 443.5
CT_257 CT_163 201 154 205 899 207 768.5 209 472 221 1491 224 278 225 456.5
CT_163 CT_340 201 150 207 868 209 546.5 221 1690.5 224 273 225 405 227 119
CT_340 CT_163 201 149 207 868 209 546.5 221 1690.5 224 269 225 440.5
CT_163 CT_289 201 115 205 633.5 207 560.5 209 336.5 221 1051.5 224 214 225 325
CT_289 CT_163 201 115 205 633.5 207 560.5 209 336.5 221 1051.5 224 214 225 353.5
CT_163 CT_268 201 163.5 205 647.5 207 540 209 355 221 1104 224 299.5 225 496.5
CT_268 CT_163 201 163.5 205 647.5 207 540 209 355 221 1104 224 299.5 225 456.5
CT_066 CT_146
CT_146 CT_066
CT_066 CT_179
CT_179 CT_066
CT_066 CT_257 201 302.5 224 549.5 225 955.5
CT_257 CT_066 201 302.5 224 549.5 225 1018
CT_066 CT_340 201 302.5 224 549.5
CT_340 CT_066 201 302.5 224 549.5
CT_066 CT_289 201 254.5 224 464.5 225 717.5
CT_289 CT_066 201 254.5 224 501.5 225 778.5
CT_066 CT_268 201 173.5 224 333 225 510
CT_268 CT_066 201 173.5 224 317.5 225 510
CT_146 CT_179 201 213 207 1114.5 209 661.5 221 2089.5 224 419 225 647.5
CT_179 CT_146 201 213 207 1114.5 209 661.5 221 2089.5 224 388 225 647.5
CT_146 CT_340 201 198 224 361 225 647
CT_340 CT_146 201 198 224 361 225 702
CT_146 CT_257 201 189.5 207 333 209 277.5 224 343.5 225 586.5
CT_257 CT_146 201 189.5 207 333 209 277.5 224 343.5 225 635.5
CT_146 CT_289 201 229 207 1231.5 209 734.5 221 2309 224 449 225 694
CT_289 CT_146 201 229 207 1231.5 209 734.5 221 2309 224 449 225 694
CT_146 CT_268 201 213 207 1160.5 209 708.5 221 2238.5 224 388 225 647.5
CT_268 CT_146 201 213 207 1160.5 209 708.5 221 2238.5 224 419 225 647.5
CT_252 CT_340 201 194.5 207 809 209 495 221 1522 224 350.5 225 532.5
CT_340 CT_252 201 194.5 207 809 209 495 221 1522 224 350.5 225 532.5
CT_252 CT_257 201 173.5 205 1229.5 207 1061 209 646 224 317.5 225 557.5
CT_257 CT_252 201 173.5 205 1229.5 207 1061 209 646 221 2039.5 224 317.5 225 557.5
CT_252 CT_289 201 93 203 146 207 505.5 209 304 221 948.5 224 174 225 263
CT_289 CT_252 201 93 203 146 207 505.5 209 304 221 948.5 224 174 225 263
CT_252 CT_268 207 730.5 209 442 221 1395.5
CT_268 CT_252 207 730.5 209 442 221 1395.5
CT_179 CT_340 201 219.5 207 819 209 512 224 393.5 225 597.5
CT_340 CT_179 201 219.5 207 819 209 512 224 393.5 225 597.5
CT_179 CT_257 201 192 207 1185.5 209 720 221 2273 224 351 225 615
CT_257 CT_179 201 192 207 1185.5 209 720 221 2273 224 351 225 615
CT_179 CT_268 201 148.5 207 856 209 520 221 1631 224 275.5 225 422
CT_268 CT_179 201 148.5 207 856 209 520 221 1631 224 272.5 225 415.5
CT_340 CT_289 201 234 207 909 209 568 224 420 225 638
CT_289 CT_340 201 234 207 909 209 568 224 420 225 638
CT_340 CT_268 201 251 205 1369.5 207 1154 209 735.5 221 2279 224 452 225 691
CT_268 CT_340 201 251 205 1369.5 207 1154 209 735.5 221 2279 224 452 225 691
CT_257 CT_289 201 206 207 1302.5 209 793 221 2492.5 224 377 225 668
CT_289 CT_257 201 206 207 1302.5 209 793 221 2492.5 224 377 225 656
CT_257 CT_268 201 192 205 1250 207 1050 209 656 221 2073 224 378.5 225 650 226 1103
CT_268 CT_257 201 192 205 1250 207 1053 209 658 221 2078 224 378.5 225 650 226 1103 227 192
CT_289 CT_268 201 128.5 203 204.5 207 749.5 209 453 221 1432 224 237.5 225 394.5
CT_268 CT_289 201 128.5 203 204.5 207 770 209 466 221 1472.5 224 237.5 225 600
CT_131 CT_058 201 112 205 658 207 544.5 209 349.5 221 917 224 208 225 341 226 686.5
CT_058 CT_131 201 112 205 658 207 544.5 209 349.5 221 917 224 215 225 341 226 553 227 112
